0 15
1 76
2 4
3 11
4 4
5 9
6 5
7 14
8 5
9 1
10 31
11 7
12 102
13 70
14 47
15 70
16 4
17 62
18 40
19 5
20 64
21 20
22 10
23 15
24 5
25 6
26 20
27 13
28 9
29 10
30 87
31 9
32 5
33 4
34 18
35 84
36 14
37 53
38 122
39 116
40 42
41 6
42 17
43 5
44 42
45 6
46 2
47 8
48 20
49 81
50 84
51 33
52 47
53 49
54 9
55 26
56 58
57 40
58 23
59 34
60 16
61 22
62 13
63 37
64 43
65 1
66 21
67 3
68 38
69 14
70 62
71 16
72 39
73 2
74 10
75 3
76 3
77 29
78 80
79 41
80 7
81 32
82 75
83 52
84 4
85 129
86 12
87 78
88 25
89 16
90 6
91 54
92 8
93 37
94 28
95 8
96 7
97 62
98 1
99 6
100 9
101 9
102 8
103 14
104 123
105 17
106 37
107 11
108 10
109 17
110 30
111 38
112 33
113 24
114 5
115 71
116 44
117 32
118 70
119 10
120 11
121 54
122 20
123 8
124 11
125 76
126 32
127 30
128 5
129 45
130 20
131 37
132 87
133 76
134 1
135 2
136 17
137 12
138 80
139 81
140 12
141 1
142 18
143 39
144 9
145 18
146 70
147 61
148 4
149 14
150 40
151 16
152 44
153 56
154 89
155 18
156 16
157 2
158 10
159 14
160 28
161 32
162 4
163 26
164 17
165 28
166 28
167 2
168 115
169 42
170 35
171 25
172 3
173 49
174 7
175 4
176 15
177 30
178 35
179 4
180 60
181 50
182 20
183 31
184 14
185 19
186 85
187 15
188 22
189 15
190 77
191 10
192 11
193 78
194 52
195 40
196 97
197 91
198 135
199 38
200 20
201 34
202 168
203 76
204 19
205 34
206 29
207 8
208 22
209 15
210 17
211 33
212 42
213 51
214 28
215 33
216 24
217 136
218 22
219 49
220 6
221 37
222 37
223 9
224 47
225 74
226 10
227 25
228 47
229 39
230 1
231 22
232 9
233 6
234 35
235 13
236 28
237 1
238 10
239 6
240 34
241 16
242 30
243 17
244 18
245 55
246 26
247 68
248 25
249 14
250 54
251 9
252 114
253 26
254 68
255 47
256 32
257 4
258 12
259 48
260 4
261 3
262 2
263 26
264 1
265 6
266 17
267 11
268 94
269 5
270 25
271 6
272 56
273 63
274 84
275 11
276 31
277 11
278 7
279 69
280 9
281 114
282 27
283 51
284 4
285 10
286 18
287 18
288 11
289 4
290 4
291 28
292 15
293 3
294 7
295 5
296 4
297 22
298 91
299 21
300 20
301 14
302 5
303 65
304 11
305 11
306 137
307 1
308 7
309 33
310 28
311 3
312 52
313 2
314 8
315 10
316 5
317 65
318 12
319 44
320 19
321 20
322 13
323 3
324 10
325 11
326 31
327 11
328 47
329 33
330 13
331 47
332 10
333 9
334 19
335 1
336 23
337 27
338 58
339 79
340 14
341 5
342 60
343 6
344 57
345 10
346 18
347 14
348 141
349 3
350 18
351 8
352 52
353 80
354 205
355 2
356 37
357 5
358 3
359 65
360 10
361 25
362 6
363 73
364 120
365 10
366 11
367 7
368 10
369 113
370 34
371 6
372 15
373 19
374 16
375 27
376 49
377 24
378 109
379 84
380 57
381 171
382 21
383 15
384 65
385 8
386 100
387 23
388 82
389 13
390 39
391 57
392 12
393 54
394 22
395 17
396 20
397 74
398 1
399 29
400 9
401 81
402 16
403 15
404 50
405 133
406 23
407 4
408 38
409 48
410 27
411 84
412 5
413 145
414 58
415 4
416 5
417 29
418 4
419 56
420 78
421 46
422 1
423 28
424 38
425 14
426 11
427 44
428 20
429 6
430 5
431 50
432 9
433 33
434 20
435 6
436 14
437 39
438 10
439 3
440 20
441 23
442 65
443 25
444 44
445 15
446 5
447 5
448 3
449 144
450 66
451 4
452 28
453 25
454 12
455 13
456 58
457 20
458 21
459 45
460 69
461 13
462 12
463 9
464 43
465 19
466 12
467 1
468 11
469 5
470 2
471 49
472 9
473 14
474 7
475 8
476 22
477 21
478 6
479 7
480 88
481 150
482 15
483 21
484 5
485 6
486 9
487 31
488 8
489 40
490 38
491 6
492 6
493 14
494 38
495 100
496 15
497 29
498 10
499 59
500 13
501 3
502 18
503 9
504 4
505 43
506 65
507 8
508 43
509 1
510 27
511 2
512 5
513 18
514 33
515 47
516 47
517 2
518 20
519 12
520 4
521 3
522 8
523 22
524 117
525 21
526 8
527 6
528 6
529 3
530 166
531 51
532 16
533 79
534 57
535 38
536 35
537 4
538 35
539 35
540 1
541 33
542 21
543 21
544 75
545 59
546 28
547 75
548 46
549 25
550 9
551 17
552 42
553 24
554 19
555 40
556 2
557 11
558 11
559 25
560 18
561 25
562 96
563 57
564 17
565 23
566 73
567 4
568 92
569 88
570 2
571 38
572 8
573 46
574 87
575 18
576 179
577 106
578 28
579 5
580 32
581 33
582 64
583 7
584 13
585 24
586 56
587 4
588 1
589 5
590 6
591 1
592 28
593 65
594 43
595 25
596 25
597 41
598 34
599 10
600 16
601 8
602 9
603 12
604 23
605 11
606 51
607 36
608 31
609 20
610 10
611 8
612 109
613 1
614 4
615 31
616 51
617 60
618 34
619 17
620 52
621 123
622 19
623 38
624 114
625 13
626 51
627 22
628 2
629 11
630 7
631 18
632 50
633 53
634 1
635 41
636 14
637 39
638 35
639 35
640 3
641 41
642 43
643 18
644 11
645 16
646 21
647 3
648 6
649 1
650 25
651 41
652 11
653 48
654 13
655 144
656 6
657 114
658 67
659 37
660 17
661 9
662 20
663 7
664 66
665 34
666 6
667 15
668 5
669 84
670 4
671 7
672 95
673 60
674 1
675 78
676 27
677 122
678 14
679 2
680 6
681 108
682 6
683 10
684 22
685 20
686 3
687 33
688 9
689 81
690 22
691 16
692 14
693 5
694 24
695 35
696 40
697 128
698 7
699 70
700 37
701 61
702 15
703 8
704 1
705 19
706 31
707 23
708 13
709 26
710 99
711 8
712 23
713 10
714 7
715 23
716 8
717 33
718 11
719 16
720 2
721 43
722 18
723 19
724 24
725 73
726 11
727 31
728 53
729 17
730 24
731 126
732 4
733 3
734 3
735 48
736 42
737 7
738 37
739 99
740 3
741 10
742 26
743 29
744 30
745 8
746 24
747 22
748 12
749 4
750 11
751 25
752 7
753 4
754 68
755 3
756 35
757 4
758 1
759 3
760 12
761 25
762 4
763 5
764 21
765 9
766 68
767 30
768 53
769 34
770 78
771 1
772 60
773 40
774 80
775 22
776 44
777 2
778 19
779 34
780 11
781 9
782 7
783 64
784 16
785 83
786 11
787 2
788 5
789 53
790 49
791 32
792 28
793 81
794 22
795 41
796 80
797 2
798 37
799 21
800 52
801 64
802 23
803 14
804 4
805 115
806 3
807 64
808 5
809 39
810 1
811 54
812 32
813 7
814 1
815 6
816 1
817 49
818 21
819 15
820 137
821 42
822 35
823 18
824 43
825 30
826 46
827 17
828 49
829 31
830 6
831 2
832 19
833 2
834 24
835 78
836 34
837 14
838 2
839 16
840 50
841 46
842 136
843 10
844 35
845 7
846 4
847 2
848 23
849 15
850 85
851 63
852 30
853 39
854 45
855 87
856 10
857 1
858 19
859 20
860 21
861 44
862 39
863 110
864 34
865 74
866 15
867 15
868 66
869 17
870 38
871 7
872 16
873 60
874 3
875 45
876 16
877 23
878 43
879 35
880 39
881 15
882 140
883 67
884 122
885 18
886 125
887 53
888 42
889 30
890 22
891 10
892 50
893 14
894 39
895 88
896 5
897 23
898 2
899 83
900 29
901 1
902 14
903 55
904 46
905 33
906 105
907 68
908 107
909 30
910 14
911 35
912 7
913 13
914 11
915 158
916 70
917 69
918 19
919 16
920 25
921 22
922 12
923 2
924 57
925 48
926 46
927 9
928 13
929 35
930 11
931 6
932 36
933 50
934 10
935 34
936 65
937 59
938 48
939 17
940 4
941 80
942 37
943 45
944 16
945 13
946 5
947 7
948 15
949 7
950 5
951 48
952 3
953 53
954 74
955 88
956 8
957 41
958 2
959 42
960 9
961 13
962 8
963 60
964 13
965 2
966 50
967 88
968 13
969 38
970 54
971 2
972 9
973 1
974 20
975 78
976 106
977 16
978 113
979 19
980 39
981 21
982 3
983 4
984 53
985 7
986 76
987 41
988 3
989 65
990 37
991 22
992 39
993 42
994 63
995 38
996 18
997 59
998 11
999 4
1000 10
1001 16
1002 148
1003 46
1004 34
1005 71
1006 15
1007 2
1008 21
1009 63
1010 7
1011 23
1012 2
1013 31
1014 105
1015 5
1016 66
1017 12
1018 20
1019 11
1020 24
1021 1
1022 25
1023 18
1024 63
1025 40
1026 5
1027 18
1028 8
1029 65
1030 27
1031 22
1032 51
1033 45
1034 51
1035 8
1036 48
1037 137
1038 10
1039 10
1040 55
1041 11
1042 18
1043 22
1044 101
1045 18
1046 1
1047 80
1048 40
1049 35
1050 31
1051 1
1052 118
1053 13
1054 56
1055 81
1056 136
1057 13
1058 12
1059 57
1060 16
1061 8
1062 7
1063 3
1064 42
1065 11
1066 61
1067 42
1068 69
1069 23
1070 78
1071 20
1072 6
1073 86
1074 2
1075 31
1076 130
1077 21
1078 6
1079 16
1080 15
1081 9
1082 4
1083 13
1084 17
1085 48
1086 25
1087 25
1088 8
1089 20
1090 39
1091 18
1092 8
1093 126
1094 3
1095 6
1096 30
1097 1
1098 51
1099 12
1100 59
1101 35
1102 29
1103 35
1104 126
1105 41
1106 31
1107 19
1108 41
1109 17
1110 27
1111 175
1112 21
1113 37
1114 10
1115 6
1116 1
1117 193
1118 15
1119 5
1120 16
1121 22
1122 13
1123 6
1124 53
1125 102
1126 124
1127 76
1128 1
1129 37
1130 4
1131 17
1132 13
1133 3
1134 48
1135 10
1136 37
1137 21
1138 2
1139 28
1140 72
1141 49
1142 14
1143 34
1144 16
1145 35
1146 4
1147 32
1148 16
1149 9
1150 46
1151 10
1152 1
1153 6
1154 33
1155 96
1156 53
1157 1
1158 17
1159 13
1160 31
1161 94
1162 1
1163 118
1164 4
1165 15
1166 38
1167 6
1168 34
1169 30
1170 2
1171 27
1172 20
1173 7
1174 157
1175 2
1176 9
1177 8
1178 18
1179 102
1180 21
1181 49
1182 40
1183 25
1184 54
1185 19
1186 10
1187 19
1188 1
1189 21
1190 24
1191 21
1192 1
1193 74
1194 8
1195 7
1196 32
1197 31
1198 68
1199 81
1200 20
1201 9
1202 67
1203 62
1204 16
1205 98
1206 20
1207 27
1208 10
1209 28
1210 13
1211 23
1212 10
1213 30
1214 35
1215 5
1216 25
1217 10
1218 32
1219 1
1220 28
1221 2
1222 4
1223 41
1224 41
1225 37
1226 45
1227 24
1228 75
1229 17
1230 17
1231 58
1232 38
1233 2
1234 6
1235 41
1236 2
1237 31
1238 14
1239 93
1240 64
1241 115
1242 18
1243 116
1244 5
1245 16
1246 113
1247 29
1248 74
1249 35
1250 6
1251 18
1252 1
1253 20
1254 45
1255 134
1256 42
1257 10
1258 46
1259 29
1260 43
1261 66
1262 28
1263 5
1264 7
1265 47
1266 82
1267 8
1268 15
1269 23
1270 36
1271 9
1272 9
1273 20
1274 31
1275 54
1276 69
1277 16
1278 60
1279 9
1280 6
1281 84
1282 22
1283 9
1284 10
1285 2
1286 4
1287 18
1288 29
1289 47
1290 35
1291 68
1292 18
1293 30
1294 29
1295 24
1296 26
1297 19
1298 31
1299 7
1300 21
1301 9
1302 15
1303 19
1304 27
1305 11
1306 8
1307 1
1308 54
1309 53
1310 14
1311 12
1312 51
1313 2
1314 19
1315 22
1316 9
1317 84
1318 2
1319 17
1320 43
1321 52
1322 15
1323 17
1324 5
1325 2
1326 15
1327 53
1328 3
1329 19
1330 20
1331 79
1332 11
1333 51
1334 5
1335 43
1336 64
1337 4
1338 8
1339 25
1340 5
1341 95
1342 53
1343 131
1344 38
1345 134
1346 61
1347 4
1348 12
1349 3
1350 9
1351 7
1352 10
1353 11
1354 28
1355 21
1356 54
1357 61
1358 52
1359 22
1360 101
1361 22
1362 56
1363 26
1364 37
1365 4
1366 51
1367 101
1368 67
1369 71
1370 24
1371 8
1372 35
1373 26
1374 94
1375 34
1376 4
1377 4
1378 8
1379 14
1380 12
1381 22
1382 48
1383 63
1384 8
1385 24
1386 123
1387 14
1388 46
1389 74
1390 2
1391 10
1392 21
1393 7
1394 24
1395 39
1396 11
1397 14
1398 53
1399 30
1400 12
1401 105
1402 59
1403 13
1404 65
1405 98
1406 64
1407 160
1408 35
1409 24
1410 11
1411 19
1412 28
1413 50
1414 12
1415 1
1416 6
1417 28
1418 49
1419 16
1420 72
1421 100
1422 67
1423 80
1424 37
1425 35
1426 29
1427 18
1428 4
1429 44
1430 4
1431 35
1432 8
1433 19
1434 31
1435 38
1436 6
1437 26
1438 17
1439 2
1440 60
1441 4
1442 47
1443 58
1444 53
1445 13
1446 2
1447 23
1448 10
1449 13
1450 16
1451 170
1452 4
1453 30
1454 12
1455 43
1456 67
1457 4
1458 6
1459 137
1460 8
1461 1
1462 7
1463 11
1464 11
1465 5
1466 17
1467 56
1468 66
1469 33
1470 153
1471 8
1472 16
1473 140
1474 29
1475 19
1476 95
1477 3
1478 28
1479 63
1480 2
1481 61
1482 8
1483 30
1484 25
1485 82
1486 95
1487 11
1488 17
1489 103
1490 27
1491 12
1492 39
1493 4
1494 36
1495 3
1496 26
1497 50
1498 71
1499 20
1500 44
1501 2
1502 70
1503 38
1504 23
1505 52
1506 9
1507 4
1508 50
1509 21
1510 19
1511 158
1512 17
1513 44
1514 13
1515 4
1516 109
1517 9
1518 82
1519 46
1520 1
1521 151
1522 8
1523 146
1524 88
1525 29
1526 21
1527 7
1528 35
1529 8
1530 9
1531 28
1532 4
1533 12
1534 86
1535 14
1536 2
1537 11
1538 6
1539 46
1540 79
1541 30
1542 30
1543 99
1544 32
1545 16
1546 61
1547 8
1548 75
1549 67
1550 28
1551 9
1552 14
1553 74
1554 149
1555 2
1556 8
1557 36
1558 14
1559 5
1560 18
1561 73
1562 26
1563 14
1564 4
1565 47
1566 172
1567 8
1568 53
1569 76
1570 25
1571 16
1572 20
1573 14
1574 78
1575 20
1576 5
1577 1
1578 82
1579 8
1580 15
1581 20
1582 13
1583 18
1584 70
1585 81
1586 45
1587 1
1588 18
1589 58
1590 12
1591 9
1592 16
1593 23
1594 17
1595 90
1596 6
1597 43
1598 13
1599 85
1600 33
1601 23
1602 83
1603 52
1604 24
1605 44
1606 24
1607 19
1608 13
1609 40
1610 51
1611 52
1612 4
1613 9
1614 3
1615 14
1616 9
1617 39
1618 20
1619 6
1620 18
1621 27
1622 5
1623 35
1624 69
1625 65
1626 21
1627 16
1628 22
1629 7
1630 32
1631 7
1632 93
1633 11
1634 35
1635 65
1636 2
1637 18
1638 20
1639 11
1640 20
1641 11
1642 18
1643 29
1644 59
1645 1
1646 63
1647 4
1648 2
1649 24
1650 15
1651 73
1652 2
1653 2
1654 30
1655 75
1656 103
1657 69
1658 4
1659 34
1660 20
1661 15
1662 23
1663 5
1664 25
1665 33
1666 7
1667 10
1668 68
1669 3
1670 7
1671 5
1672 14
1673 106
1674 22
1675 14
1676 53
1677 19
1678 17
1679 95
1680 37
1681 4
1682 18
1683 26
1684 18
1685 46
1686 5
1687 93
1688 16
1689 58
1690 14
1691 10
1692 7
1693 13
1694 51
1695 5
1696 7
1697 26
1698 18
1699 7
1700 5
1701 15
1702 59
1703 39
1704 54
1705 2
1706 1
1707 13
1708 32
1709 3
1710 4
1711 10
1712 44
1713 153
1714 5
1715 13
1716 48
1717 16
1718 3
1719 71
1720 7
1721 18
1722 14
1723 18
1724 6
1725 21
1726 29
1727 3
1728 43
1729 49
1730 35
1731 32
1732 101
1733 22
1734 14
1735 52
1736 6
1737 7
1738 28
1739 32
1740 39
1741 15
1742 48
1743 10
1744 2
1745 29
1746 35
1747 61
1748 23
1749 16
1750 24
1751 28
1752 38
1753 31
1754 13
1755 29
1756 27
1757 31
1758 30
1759 20
1760 3
1761 24
1762 18
1763 30
1764 25
1765 31
1766 9
1767 89
1768 42
1769 17
1770 48
1771 1
1772 1
1773 16
1774 85
1775 7
1776 21
1777 10
1778 1
1779 49
1780 5
1781 8
1782 15
1783 24
1784 20
1785 31
1786 18
1787 18
1788 91
1789 3
1790 14
1791 82
1792 33
1793 11
1794 8
1795 128
1796 6
1797 7
1798 15
1799 44
1800 83
1801 7
1802 68
1803 95
1804 44
1805 36
1806 11
1807 25
1808 4
1809 79
1810 33
1811 3
1812 26
1813 37
1814 128
1815 1
1816 79
1817 10
1818 6
1819 31
1820 35
1821 4
1822 15
1823 76
1824 9
1825 12
1826 13
1827 47
1828 44
1829 138
1830 46
1831 85
1832 8
1833 83
1834 17
1835 5
1836 3
1837 29
1838 32
1839 27
1840 206
1841 45
1842 26
1843 30
1844 36
1845 22
1846 1
1847 23
1848 65
1849 23
1850 11
1851 25
1852 40
1853 18
1854 97
1855 7
1856 28
1857 7
1858 21
1859 45
1860 16
1861 63
1862 13
1863 91
1864 54
1865 11
1866 45
1867 28
1868 5
1869 9
1870 39
1871 10
1872 30
1873 19
1874 10
1875 11
1876 80
1877 36
1878 11
1879 5
1880 3
1881 36
1882 35
1883 36
1884 25
1885 45
1886 37
1887 1
1888 5
1889 19
1890 18
1891 7
1892 1
1893 55
1894 25
1895 2
1896 37
1897 12
1898 4
1899 25
1900 56
1901 94
1902 5
1903 12
1904 73
1905 24
1906 31
1907 13
1908 12
1909 30
1910 74
1911 18
1912 42
1913 16
1914 34
1915 35
1916 15
1917 92
1918 30
1919 40
1920 46
1921 2
1922 11
1923 9
1924 17
1925 6
1926 10
1927 16
1928 11
1929 16
1930 1
1931 6
1932 23
1933 31
1934 38
1935 65
1936 10
1937 93
1938 86
1939 29
1940 11
1941 4
1942 46
1943 202
1944 26
1945 27
1946 30
1947 10
1948 67
1949 15
1950 89
1951 65
1952 29
1953 10
1954 55
1955 4
1956 37
1957 33
1958 16
1959 1
1960 174
1961 16
1962 32
1963 4
1964 13
1965 37
1966 26
1967 26
1968 13
1969 18
1970 5
1971 5
1972 20
1973 15
1974 16
1975 36
1976 3
1977 21
1978 35
1979 34
1980 30
1981 15
1982 10
1983 14
1984 80
1985 61
1986 31
1987 42
1988 45
1989 13
1990 10
1991 8
1992 25
1993 25
1994 3
1995 1
1996 26
1997 29
1998 6
1999 66
2000 45
2001 34
2002 46
2003 56
2004 30
2005 13
2006 5
2007 70
2008 11
2009 25
2010 11
2011 80
2012 14
2013 36
2014 13
2015 28
2016 15
2017 116
2018 12
2019 4
2020 95
2021 116
2022 5
2023 31
2024 9
2025 6
2026 22
2027 37
2028 12
2029 72
2030 9
2031 41
2032 6
2033 40
2034 45
2035 52
2036 44
2037 48
2038 71
2039 9
2040 60
2041 15
2042 3
2043 12
2044 30
2045 7
2046 27
2047 198
2048 35
2049 1
2050 8
2051 52
2052 7
2053 17
2054 184
2055 9
2056 29
2057 69
2058 33
2059 27
2060 73
2061 2
2062 39
2063 35
2064 37
2065 70
2066 15
2067 7
2068 11
2069 7
2070 40
2071 72
2072 5
2073 2
2074 105
2075 44
2076 77
2077 53
2078 26
2079 52
2080 34
2081 23
2082 12
2083 22
2084 60
2085 24
2086 47
2087 1
2088 22
2089 7
2090 142
2091 12
2092 44
2093 13
2094 86
2095 27
2096 3
2097 75
2098 14
2099 37
2100 34
2101 5
2102 21
2103 57
2104 22
2105 4
2106 22
2107 7
2108 5
2109 13
2110 19
2111 19
2112 45
2113 3
2114 23
2115 2
2116 20
2117 37
2118 75
2119 44
2120 24
2121 8
2122 4
2123 26
2124 6
2125 20
2126 19
2127 11
2128 25
2129 38
2130 24
2131 40
2132 11
2133 30
2134 36
2135 24
2136 89
2137 46
2138 61
2139 4
2140 4
2141 23
2142 20
2143 14
2144 104
2145 35
2146 55
2147 23
2148 24
2149 33
2150 5
2151 3
2152 8
2153 17
2154 5
2155 9
2156 61
2157 71
2158 38
2159 18
2160 3
2161 1
2162 24
2163 87
2164 20
2165 215
2166 7
2167 37
2168 19
2169 3
2170 43
2171 23
2172 36
2173 44
2174 40
2175 50
2176 27
2177 69
2178 63
2179 17
2180 1
2181 37
2182 6
2183 25
2184 110
2185 10
2186 46
2187 8
2188 29
2189 25
2190 5
2191 15
2192 22
2193 7
2194 30
2195 9
2196 3
2197 2
2198 94
2199 27
2200 73
2201 76
2202 22
2203 10
2204 56
2205 15
2206 20
2207 17
2208 14
2209 24
2210 12
2211 19
2212 73
2213 46
2214 24
2215 79
2216 72
2217 20
2218 61
2219 71
2220 5
2221 11
2222 6
2223 6
2224 6
2225 56
2226 10
2227 8
2228 41
2229 8
2230 114
2231 2
2232 1
2233 14
2234 39
2235 66
2236 2
2237 61
2238 77
2239 15
2240 3
2241 7
2242 28
2243 10
2244 56
2245 43
2246 118
2247 3
2248 24
2249 63
2250 7
2251 23
2252 1
2253 22
2254 17
2255 50
2256 120
2257 24
2258 5
2259 38
2260 29
2261 6
2262 13
2263 78
2264 15
2265 18
2266 40
2267 26
2268 1
2269 75
2270 39
2271 33
2272 2
2273 17
2274 70
2275 73
2276 54
2277 8
2278 51
2279 16
2280 30
2281 71
2282 81
2283 10
2284 14
2285 23
2286 3
2287 14
2288 9
2289 1
2290 105
2291 35
2292 22
2293 41
2294 81
2295 26
2296 45
2297 11
2298 16
2299 6
2300 8
2301 52
2302 17
2303 4
2304 31
2305 45
2306 12
2307 37
2308 68
2309 15
2310 30
2311 9
2312 30
2313 13
2314 22
2315 38
2316 177
2317 19
2318 8
2319 51
2320 32
2321 69
2322 23
2323 5
2324 43
2325 31
2326 23
2327 86
2328 1
2329 26
2330 20
2331 16
2332 3
2333 56
2334 112
2335 10
2336 4
2337 86
2338 61
2339 49
2340 91
2341 5
2342 34
2343 3
2344 203
2345 49
2346 8
2347 11
2348 2
2349 5
2350 42
2351 57
2352 19
2353 10
2354 31
2355 30
2356 8
2357 5
2358 9
2359 198
2360 3
2361 46
2362 20
2363 30
2364 28
2365 65
2366 20
2367 55
2368 5
2369 12
2370 7
2371 32
2372 21
2373 46
2374 38
2375 44
2376 8
2377 1
2378 8
2379 14
2380 41
2381 4
2382 1
2383 36
2384 20
2385 17
2386 99
2387 42
2388 32
2389 1
2390 25
2391 1
2392 17
2393 18
2394 8
2395 19
2396 27
2397 15
2398 35
2399 8
2400 30
2401 7
2402 12
2403 133
2404 36
2405 38
2406 2
2407 5
2408 47
2409 19
2410 17
2411 68
2412 49
2413 25
2414 4
2415 61
2416 30
2417 19
2418 1
2419 13
2420 15
2421 5
2422 93
2423 75
2424 26
2425 35
2426 9
2427 63
2428 3
2429 18
2430 10
2431 10
2432 91
2433 6
2434 15
2435 9
2436 72
2437 137
2438 180
2439 12
2440 9
2441 2
2442 101
2443 16
2444 34
2445 62
2446 37
2447 59
2448 1
2449 75
2450 42
2451 27
2452 7
2453 9
2454 100
2455 29
2456 29
2457 127
2458 17
2459 95
2460 15
2461 126
2462 7
2463 31
2464 23
2465 175
2466 8
2467 40
2468 113
2469 2
2470 10
2471 7
2472 26
2473 30
2474 19
2475 51
2476 59
2477 59
2478 27
2479 18
2480 15
2481 1
2482 57
2483 16
2484 42
2485 5
2486 2
2487 42
2488 72
2489 7
2490 2
2491 32
2492 19
2493 2
2494 70
2495 18
2496 14
2497 4
2498 47
2499 41
2500 41
2501 40
2502 21
2503 34
2504 7
2505 34
2506 23
2507 21
2508 45
2509 7
2510 11
2511 40
2512 18
2513 43
2514 33
2515 15
2516 123
2517 12
2518 1
2519 39
2520 63
2521 1
2522 35
2523 18
2524 1
2525 20
2526 30
2527 47
2528 18
2529 53
2530 47
2531 48
2532 78
2533 13
2534 62
2535 39
2536 8
2537 107
2538 20
2539 13
2540 103
2541 44
2542 1
2543 19
2544 100
2545 37
2546 98
2547 33
2548 21
2549 41
2550 8
2551 24
2552 145
2553 9
2554 72
2555 2
2556 67
2557 30
2558 30
2559 10
2560 1
2561 62
2562 24
2563 33
2564 7
2565 3
2566 62
2567 13
2568 4
2569 12
2570 25
2571 38
2572 6
2573 22
2574 4
2575 108
2576 16
2577 1
2578 14
2579 2
2580 1
2581 17
2582 116
2583 12
2584 15
2585 57
2586 17
2587 58
2588 18
2589 218
2590 29
2591 9
2592 2
2593 18
2594 1
2595 24
2596 23
2597 22
2598 13
2599 3
2600 7
2601 2
2602 15
2603 41
2604 50
2605 1
2606 13
2607 15
2608 29
2609 2
2610 2
2611 44
2612 30
2613 57
2614 67
2615 7
2616 25
2617 4
2618 106
2619 14
2620 1
2621 34
2622 70
2623 40
2624 8
2625 20
2626 74
2627 19
2628 19
2629 10
2630 37
2631 52
2632 33
2633 2
2634 12
2635 7
2636 29
2637 7
2638 14
2639 37
2640 18
2641 12
2642 18
2643 2
2644 53
2645 73
2646 34
2647 27
2648 82
2649 39
2650 12
2651 5
2652 125
2653 44
2654 46
2655 31
2656 16
2657 6
2658 18
2659 18
2660 39
2661 27
2662 11
2663 71
2664 124
2665 18
2666 40
2667 51
2668 27
2669 12
2670 34
2671 49
2672 2
2673 7
2674 47
2675 1
2676 24
2677 15
2678 5
2679 139
2680 20
2681 7
2682 19
2683 74
2684 191
2685 4
2686 30
2687 29
2688 5
2689 54
2690 1
2691 9
2692 178
2693 37
2694 6
2695 25
2696 3
2697 12
2698 18
2699 40
2700 11
2701 1
2702 11
2703 5
2704 5
2705 156
2706 73
2707 16
2708 44
2709 18
2710 48
2711 2
2712 25
2713 122
2714 27
2715 53
2716 7
2717 15
2718 25
2719 9
2720 3
2721 43
2722 3
2723 77
2724 6
2725 15
2726 18
2727 35
2728 10
2729 65
2730 32
2731 3
2732 24
2733 17
2734 13
2735 9
2736 84
2737 96
2738 60
2739 16
2740 2
2741 45
2742 55
2743 199
2744 19
2745 7
2746 46
2747 33
2748 4
2749 49
2750 6
2751 10
2752 73
2753 1
2754 6
2755 15
2756 36
2757 20
2758 7
2759 13
2760 56
2761 39
2762 125
2763 13
2764 55
2765 11
2766 82
2767 9
2768 14
2769 9
2770 89
2771 27
2772 24
2773 4
2774 28
2775 21
2776 19
2777 7
2778 4
2779 9
2780 35
2781 21
2782 2
2783 24
2784 53
2785 9
2786 53
2787 9
2788 5
2789 82
2790 90
2791 28
2792 141
2793 37
2794 5
2795 34
2796 59
2797 2
2798 9
2799 14
2800 1
2801 1
2802 16
2803 15
2804 42
2805 10
2806 60
2807 49
2808 29
2809 4
2810 104
2811 25
2812 8
2813 7
2814 29
2815 19
2816 23
2817 4
2818 3
2819 23
2820 26
2821 14
2822 59
2823 4
2824 28
2825 5
2826 16
2827 6
2828 60
2829 111
2830 38
2831 61
2832 12
2833 58
2834 17
2835 42
2836 19
2837 20
2838 42
2839 84
2840 30
2841 167
2842 73
2843 47
2844 2
2845 22
2846 27
2847 19
2848 19
2849 113
2850 13
2851 10
2852 20
2853 47
2854 83
2855 11
2856 69
2857 19
2858 52
2859 8
2860 29
2861 11
2862 10
2863 61
2864 21
2865 36
2866 64
2867 15
2868 15
2869 4
2870 46
2871 53
2872 5
2873 19
2874 39
2875 14
2876 109
2877 52
2878 25
2879 12
2880 43
2881 144
2882 23
2883 12
2884 1
2885 11
2886 16
2887 59
2888 86
2889 9
2890 115
2891 11
2892 27
2893 23
2894 42
2895 66
2896 41
2897 25
2898 5
2899 17
2900 42
2901 238
2902 19
2903 7
2904 18
2905 58
2906 20
2907 37
2908 60
2909 58
2910 11
2911 22
2912 80
2913 16
2914 19
2915 115
2916 37
2917 26
2918 2
2919 15
2920 2
2921 5
2922 108
2923 35
2924 36
2925 21
2926 19
2927 7
2928 1
2929 3
2930 91
2931 29
2932 84
2933 11
2934 7
2935 28
2936 60
2937 56
2938 167
2939 2
2940 14
2941 49
2942 66
2943 81
2944 3
2945 13
2946 41
2947 6
2948 15
2949 4
2950 14
2951 21
2952 19
2953 51
2954 2
2955 25
2956 93
2957 10
2958 2
2959 75
2960 26
2961 25
2962 3
2963 71
2964 27
2965 2
2966 57
2967 57
2968 18
2969 1
2970 162
2971 37
2972 31
2973 31
2974 22
2975 75
2976 46
2977 45
2978 39
2979 72
2980 14
2981 41
2982 55
2983 12
2984 28
2985 186
2986 5
2987 35
2988 28
2989 3
2990 9
2991 58
2992 12
2993 3
2994 10
2995 75
2996 37
2997 1
2998 30
2999 13
3000 20
3001 49
3002 5
3003 41
3004 23
3005 4
3006 3
3007 5
3008 5
3009 40
3010 31
3011 57
3012 29
3013 7
3014 46
3015 2
3016 24
3017 62
3018 22
3019 2
3020 13
3021 5
3022 2
3023 20
3024 14
3025 76
3026 42
3027 3
3028 23
3029 22
3030 15
3031 7
3032 50
3033 21
3034 5
3035 123
3036 21
3037 1
3038 3
3039 8
3040 22
3041 69
3042 45
3043 30
3044 14
3045 15
3046 36
3047 77
3048 3
3049 42
3050 40
3051 23
3052 17
3053 17
3054 12
3055 11
3056 6
3057 17
3058 13
3059 14
3060 32
3061 47
3062 9
3063 32
3064 23
3065 22
3066 98
3067 20
3068 39
3069 41
3070 44
3071 38
3072 62
3073 7
3074 13
3075 17
3076 161
3077 117
3078 15
3079 6
3080 130
3081 87
3082 8
3083 13
3084 66
3085 18
3086 44
3087 63
3088 10
3089 7
3090 17
3091 63
3092 8
3093 2
3094 38
3095 28
3096 14
3097 1
3098 5
3099 19
3100 34
3101 73
3102 14
3103 2
3104 2
3105 29
3106 8
3107 65
3108 21
3109 25
3110 9
3111 9
3112 31
3113 30
3114 58
3115 9
3116 12
3117 41
3118 45
3119 1
3120 23
3121 54
3122 45
3123 65
3124 106
3125 19
3126 155
3127 13
3128 48
3129 8
3130 36
3131 2
3132 13
3133 41
3134 26
3135 3
3136 16
3137 10
3138 95
3139 10
3140 26
3141 103
3142 18
3143 4
3144 42
3145 46
3146 31
3147 16
3148 48
3149 28
3150 16
3151 5
3152 28
3153 16
3154 1
3155 60
3156 49
3157 20
3158 2
3159 7
3160 53
3161 25
3162 111
3163 31
3164 54
3165 21
3166 103
3167 15
3168 23
3169 39
3170 9
3171 30
3172 4
3173 28
3174 43
3175 25
3176 36
3177 45
3178 1
3179 39
3180 7
3181 32
3182 55
3183 1
3184 1
3185 4
3186 1
3187 38
3188 54
3189 4
3190 21
3191 24
3192 121
3193 54
3194 23
3195 5
3196 17
3197 29
3198 25
3199 40
3200 28
3201 10
3202 38
3203 104
3204 12
3205 33
3206 7
3207 34
3208 12
3209 22
3210 4
3211 63
3212 8
3213 69
3214 45
3215 11
3216 7
3217 20
3218 66
3219 24
3220 67
3221 37
3222 37
3223 43
3224 14
3225 2
3226 33
3227 11
3228 113
3229 32
3230 1
3231 14
3232 113
3233 64
3234 27
3235 15
3236 11
3237 10
3238 71
3239 35
3240 138
3241 2
3242 39
3243 92
3244 13
3245 1
3246 22
3247 9
3248 26
3249 37
3250 3
3251 2
3252 58
3253 36
3254 14
3255 9
3256 113
3257 27
3258 3
3259 70
3260 25
3261 9
3262 7
3263 10
3264 16
3265 33
3266 15
3267 45
3268 72
3269 6
3270 4
3271 24
3272 7
3273 16
3274 6
3275 30
3276 3
3277 1
3278 75
3279 19
3280 1
3281 11
3282 13
3283 52
3284 7
3285 58
3286 41
3287 17
3288 4
3289 23
3290 82
3291 23
3292 39
3293 4
3294 6
3295 50
3296 20
3297 14
3298 40
3299 25
3300 20
3301 8
3302 66
3303 12
3304 2
3305 17
3306 4
3307 22
3308 14
3309 13
3310 5
3311 14
3312 43
3313 14
3314 10
3315 2
3316 6
3317 79
3318 19
3319 15
3320 49
3321 48
3322 23
3323 18
3324 1
3325 12
3326 15
3327 142
3328 19
3329 131
3330 117
3331 73
3332 9
3333 22
3334 167
3335 37
3336 10
3337 6
3338 22
3339 18
3340 2
3341 12
3342 39
3343 15
3344 8
3345 4
3346 15
3347 10
3348 37
3349 61
3350 5
3351 10
3352 9
3353 2
3354 19
3355 3
3356 24
3357 33
3358 47
3359 27
3360 54
3361 5
3362 57
3363 19
3364 27
3365 1
3366 14
3367 9
3368 20
3369 30
3370 19
3371 12
3372 3
3373 8
3374 38
3375 3
3376 75
3377 12
3378 22
3379 10
3380 1
3381 20
3382 39
3383 71
3384 28
3385 64
3386 8
3387 24
3388 26
3389 51
3390 24
3391 32
3392 23
3393 19
3394 14
3395 18
3396 17
3397 23
3398 51
3399 43
3400 64
3401 53
3402 13
3403 13
3404 16
3405 50
3406 21
3407 2
3408 7
3409 2
3410 54
3411 16
3412 1
3413 1
3414 44
3415 9
3416 8
3417 38
3418 23
3419 35
3420 19
3421 30
3422 5
3423 104
3424 17
3425 95
3426 14
3427 16
3428 163
3429 2
3430 16
3431 19
3432 9
3433 110
3434 2
3435 48
3436 9
3437 45
3438 103
3439 24
3440 13
3441 66
3442 18
3443 111
3444 33
3445 49
3446 16
3447 9
3448 28
3449 20
3450 18
3451 41
3452 78
3453 83
3454 19
3455 6
3456 21
3457 45
3458 11
3459 10
3460 5
3461 33
3462 2
3463 6
3464 34
3465 34
3466 69
3467 25
3468 3
3469 7
3470 85
3471 12
3472 43
3473 2
3474 124
3475 1
3476 9
3477 21
3478 16
3479 34
3480 27
3481 41
3482 69
3483 34
3484 19
3485 42
3486 27
3487 20
3488 25
3489 17
3490 21
3491 13
3492 17
3493 11
3494 81
3495 12
3496 8
3497 15
3498 25
3499 26
3500 23
3501 138
3502 6
3503 35
3504 7
3505 153
3506 29
3507 38
3508 35
3509 35
3510 74
3511 13
3512 23
3513 87
3514 21
3515 5
3516 36
3517 13
3518 16
3519 24
3520 83
3521 23
3522 10
3523 38
3524 17
3525 64
3526 1
3527 93
3528 64
3529 11
3530 29
3531 89
3532 21
3533 9
3534 20
3535 92
3536 41
3537 15
3538 12
3539 12
3540 67
3541 9
3542 17
3543 14
3544 11
3545 16
3546 5
3547 2
3548 18
3549 11
3550 10
3551 9
3552 4
3553 5
3554 31
3555 26
3556 55
3557 35
3558 5
3559 34
3560 9
3561 21
3562 1
3563 26
3564 72
3565 50
3566 62
3567 59
3568 24
3569 22
3570 5
3571 39
3572 1
3573 75
3574 13
3575 60
3576 8
3577 16
3578 100
3579 52
3580 67
3581 2
3582 80
3583 118
3584 90
3585 22
3586 11
3587 1
3588 12
3589 45
3590 27
3591 27
3592 115
3593 5
3594 15
3595 29
3596 18
3597 23
3598 25
3599 14
3600 2
3601 11
3602 50
3603 22
3604 2
3605 36
3606 7
3607 42
3608 12
3609 34
3610 34
3611 2
3612 131
3613 16
3614 28
3615 1
3616 47
3617 59
3618 2
3619 9
3620 33
3621 19
3622 54
3623 24
3624 17
3625 109
3626 6
3627 48
3628 39
3629 37
3630 73
3631 30
3632 6
3633 33
3634 29
3635 51
3636 28
3637 56
3638 33
3639 2
3640 14
3641 29
3642 36
3643 60
3644 5
3645 5
3646 44
3647 27
3648 3
3649 15
3650 1
3651 41
3652 2
3653 16
3654 36
3655 22
3656 8
3657 126
3658 38
3659 12
3660 44
3661 137
3662 19
3663 15
3664 37
3665 171
3666 42
3667 31
3668 36
3669 41
3670 7
3671 38
3672 83
3673 128
3674 65
3675 1
3676 68
3677 2
3678 23
3679 55
3680 21
3681 52
3682 21
3683 21
3684 8
3685 87
3686 13
3687 22
3688 169
3689 122
3690 19
3691 12
3692 47
3693 5
3694 2
3695 3
3696 6
3697 101
3698 74
3699 18
3700 45
3701 32
3702 72
3703 7
3704 5
3705 23
3706 34
3707 16
3708 7
3709 35
3710 19
3711 7
3712 26
3713 28
3714 20
3715 100
3716 115
3717 65
3718 32
3719 21
3720 2
3721 23
3722 13
3723 55
3724 4
3725 4
3726 91
3727 20
3728 49
3729 78
3730 47
3731 33
3732 5
3733 9
3734 12
3735 32
3736 37
3737 2
3738 49
3739 47
3740 75
3741 69
3742 32
3743 27
3744 11
3745 6
3746 7
3747 43
3748 41
3749 12
3750 9
3751 53
3752 36
3753 18
3754 29
3755 33
3756 84
3757 7
3758 10
3759 2
3760 65
3761 5
3762 23
3763 4
3764 24
3765 21
3766 60
3767 19
3768 48
3769 12
3770 24
3771 22
3772 12
3773 3
3774 19
3775 19
3776 19
3777 18
3778 126
3779 8
3780 13
3781 24
3782 13
3783 96
3784 43
3785 6
3786 60
3787 3
3788 65
3789 33
3790 27
3791 8
3792 5
3793 26
3794 36
3795 74
3796 33
3797 93
3798 8
3799 4
3800 20
3801 68
3802 70
3803 23
3804 6
3805 27
3806 59
3807 57
3808 37
3809 1
3810 53
3811 1
3812 56
3813 37
3814 81
3815 16
3816 13
3817 20
3818 126
3819 49
3820 4
3821 18
3822 44
3823 14
3824 110
3825 8
3826 174
3827 5
3828 51
3829 28
3830 36
3831 38
3832 21
3833 7
3834 35
3835 50
3836 13
3837 14
3838 5
3839 24
3840 7
3841 9
3842 73
3843 8
3844 2
3845 40
3846 38
3847 18
3848 2
3849 23
3850 6
3851 2
3852 30
3853 20
3854 15
3855 37
3856 14
3857 19
3858 52
3859 49
3860 52
3861 30
3862 3
3863 40
3864 3
3865 2
3866 13
3867 42
3868 118
3869 3
3870 7
3871 88
3872 52
3873 34
3874 4
3875 10
3876 22
3877 48
3878 3
3879 19
3880 45
3881 77
3882 66
3883 29
3884 30
3885 15
3886 54
3887 54
3888 33
3889 23
3890 18
3891 55
3892 38
3893 76
3894 13
3895 95
3896 5
3897 13
3898 4
3899 3
3900 35
3901 8
3902 36
3903 142
3904 23
3905 22
3906 11
3907 29
3908 4
3909 8
3910 36
3911 35
3912 3
3913 42
3914 61
3915 59
3916 30
3917 185
3918 3
3919 43
3920 6
3921 6
3922 14
3923 11
3924 34
3925 107
3926 32
3927 53
3928 76
3929 10
3930 38
3931 5
3932 10
3933 16
3934 53
3935 21
3936 22
3937 27
3938 82
3939 24
3940 16
3941 31
3942 7
3943 3
3944 8
3945 2
3946 1
3947 12
3948 132
3949 23
3950 117
3951 78
3952 4
3953 21
3954 149
3955 33
3956 18
3957 55
3958 3
3959 23
3960 5
3961 9
3962 28
3963 40
3964 48
3965 12
3966 11
3967 4
3968 43
3969 70
3970 6
3971 40
3972 9
3973 9
3974 9
3975 20
3976 76
3977 14
3978 59
3979 132
3980 32
3981 18
3982 20
3983 9
3984 2
3985 16
3986 73
3987 9
3988 55
3989 183
3990 59
3991 19
3992 32
3993 22
3994 1
3995 52
3996 21
3997 4
3998 9
3999 27
4000 5
4001 32
4002 7
4003 73
4004 4
4005 29
4006 41
4007 24
4008 9
4009 24
4010 6
4011 9
4012 4
4013 10
4014 4
4015 105
4016 1
4017 111
4018 9
4019 5
4020 6
4021 63
4022 37
4023 34
4024 54
4025 59
4026 3
4027 13
4028 34
4029 17
4030 25
4031 14
4032 114
4033 12
4034 13
4035 8
4036 6
4037 64
4038 86
4039 80
4040 64
4041 15
4042 22
4043 70
4044 38
4045 2
4046 74
4047 67
4048 83
4049 19
4050 8
4051 15
4052 17
4053 45
4054 5
4055 38
4056 86
4057 25
4058 46
4059 14
4060 1
4061 22
4062 1
4063 24
4064 6
4065 6
4066 7
4067 182
4068 69
4069 21
4070 105
4071 14
4072 5
4073 6
4074 3
4075 33
4076 43
4077 7
4078 8
4079 27
4080 25
4081 47
4082 9
4083 64
4084 37
4085 21
4086 30
4087 126
4088 16
4089 18
4090 9
4091 100
4092 8
4093 41
4094 5
4095 40
4096 28
4097 62
4098 4
4099 13
4100 4
4101 42
4102 22
4103 5
4104 87
4105 35
4106 55
4107 13
4108 2
4109 68
4110 79
4111 33
4112 6
4113 40
4114 54
4115 59
4116 73
4117 23
4118 12
4119 53
4120 1
4121 10
4122 61
4123 21
4124 11
4125 2
4126 21
4127 89
4128 51
4129 23
4130 3
4131 50
4132 31
4133 28
4134 53
4135 58
4136 1
4137 104
4138 82
4139 6
4140 29
4141 51
4142 37
4143 28
4144 32
4145 12
4146 28
4147 3
4148 3
4149 22
4150 183
4151 45
4152 4
4153 16
4154 37
4155 29
4156 63
4157 19
4158 33
4159 15
4160 33
4161 11
4162 27
4163 39
4164 39
4165 2
4166 113
4167 10
4168 3
4169 8
4170 29
4171 30
4172 57
4173 3
4174 10
4175 102
4176 5
4177 44
4178 176
4179 24
4180 77
4181 18
4182 38
4183 55
4184 21
4185 76
4186 13
4187 37
4188 8
4189 33
4190 31
4191 46
4192 6
4193 74
4194 3
4195 10
4196 16
4197 47
4198 9
4199 140
4200 39
4201 82
4202 8
4203 2
4204 53
4205 131
4206 4
4207 2
4208 33
4209 74
4210 3
4211 20
4212 82
4213 29
4214 23
4215 44
4216 82
4217 5
4218 20
4219 15
4220 50
4221 13
4222 12
4223 20
4224 9
4225 54
4226 15
4227 15
4228 12
4229 19
4230 41
4231 40
4232 11
4233 33
4234 30
4235 45
4236 8
4237 4
4238 99
4239 45
4240 18
4241 14
4242 1
4243 33
4244 1
4245 12
4246 1
4247 9
4248 88
4249 44
4250 10
4251 57
4252 31
4253 18
4254 4
4255 61
4256 1
4257 35
4258 79
4259 29
4260 54
4261 131
4262 119
4263 7
4264 31
4265 19
4266 2
4267 71
4268 25
4269 57
4270 17
4271 10
4272 3
4273 27
4274 21
4275 18
4276 4
4277 110
4278 70
4279 24
4280 93
4281 2
4282 28
4283 24
4284 167
4285 47
4286 3
4287 20
4288 7
4289 14
4290 8
4291 22
4292 48
4293 30
4294 60
4295 100
4296 4
4297 5
4298 59
4299 21
4300 49
4301 4
4302 23
4303 3
4304 61
4305 32
4306 19
4307 7
4308 10
4309 19
4310 1
4311 9
4312 21
4313 70
4314 56
4315 45
4316 18
4317 7
4318 43
4319 31
4320 35
4321 113
4322 2
4323 4
4324 66
4325 7
4326 9
4327 56
4328 53
4329 5
4330 15
4331 17
4332 8
4333 16
4334 61
4335 91
4336 74
4337 45
4338 47
4339 23
4340 69
4341 73
4342 2
4343 2
4344 82
4345 15
4346 78
4347 8
4348 40
4349 17
4350 24
4351 46
4352 79
4353 7
4354 35
4355 4
4356 51
4357 3
4358 3
4359 14
4360 56
4361 40
4362 40
4363 34
4364 168
4365 6
4366 6
4367 27
4368 1
4369 22
4370 1
4371 7
4372 63
4373 16
4374 35
4375 9
4376 22
4377 27
4378 6
4379 11
4380 31
4381 12
4382 17
4383 19
4384 47
4385 32
4386 34
4387 26
4388 13
4389 8
4390 41
4391 22
4392 40
4393 9
4394 9
4395 12
4396 6
4397 4
4398 28
4399 41
4400 15
4401 67
4402 43
4403 94
4404 25
4405 35
4406 64
4407 2
4408 16
4409 82
4410 2
4411 28
4412 11
4413 2
4414 9
4415 75
4416 74
4417 12
4418 5
4419 16
4420 42
4421 14
4422 6
4423 17
4424 7
4425 58
4426 29
4427 23
4428 52
4429 13
4430 71
4431 1
4432 43
4433 3
4434 121
4435 33
4436 26
4437 1
4438 37
4439 30
4440 12
4441 63
4442 33
4443 96
4444 26
4445 30
4446 24
4447 94
4448 93
4449 45
4450 6
4451 22
4452 21
4453 4
4454 10
4455 66
4456 10
4457 23
4458 59
4459 17
4460 94
4461 92
4462 11
4463 13
4464 37
4465 31
4466 39
4467 21
4468 24
4469 20
4470 115
4471 59
4472 3
4473 111
4474 15
4475 4
4476 5
4477 23
4478 1
4479 29
4480 7
4481 9
4482 9
4483 10
4484 18
4485 18
4486 11
4487 32
4488 12
4489 48
4490 52
4491 151
4492 16
4493 131
4494 30
4495 1
4496 42
4497 5
4498 32
4499 46
4500 38
4501 27
4502 30
4503 4
4504 1
4505 37
4506 110
4507 2
4508 4
4509 10
4510 5
4511 10
4512 3
4513 31
4514 77
4515 22
4516 26
4517 31
4518 63
4519 24
4520 58
4521 39
4522 14
4523 40
4524 41
4525 1
4526 12
4527 68
4528 4
4529 68
4530 23
4531 9
4532 1
4533 13
4534 20
4535 8
4536 36
4537 30
4538 23
4539 25
4540 42
4541 15
4542 49
4543 21
4544 3
4545 12
4546 1
4547 63
4548 26
4549 3
4550 25
4551 7
4552 1
4553 12
4554 39
4555 121
4556 11
4557 5
4558 10
4559 11
4560 93
4561 183
4562 1
4563 39
4564 21
4565 2
4566 16
4567 36
4568 5
4569 51
4570 78
4571 2
4572 46
4573 43
4574 42
4575 7
4576 29
4577 11
4578 60
4579 12
4580 4
4581 38
4582 49
4583 4
4584 14
4585 11
4586 90
4587 49
4588 16
4589 28
4590 36
4591 48
4592 8
4593 20
4594 49
4595 23
4596 13
4597 49
4598 131
4599 11
4600 1
4601 10
4602 10
4603 5
4604 44
4605 10
4606 25
4607 11
4608 131
4609 29
4610 30
4611 3
4612 7
4613 6
4614 9
4615 2
4616 54
4617 65
4618 80
4619 86
4620 38
4621 5
4622 23
4623 76
4624 5
4625 9
4626 2
4627 35
4628 12
4629 63
4630 4
4631 11
4632 33
4633 18
4634 6
4635 49
4636 66
4637 50
4638 58
4639 22
4640 10
4641 129
4642 39
4643 29
4644 11
4645 59
4646 22
4647 53
4648 24
4649 120
4650 1
4651 71
4652 4
4653 20
4654 83
4655 7
4656 18
4657 26
4658 41
4659 14
4660 51
4661 65
4662 139
4663 6
4664 31
4665 3
4666 2
4667 12
4668 7
4669 10
4670 41
4671 78
4672 55
4673 25
4674 20
4675 48
4676 13
4677 16
4678 24
4679 1
4680 3
4681 26
4682 20
4683 30
4684 19
4685 6
4686 10
4687 28
4688 2
4689 7
4690 298
4691 118
4692 2
4693 12
4694 91
4695 186
4696 19
4697 21
4698 82
4699 32
4700 27
4701 3
4702 5
4703 6
4704 57
4705 127
4706 11
4707 7
4708 22
4709 2
4710 21
4711 3
4712 74
4713 92
4714 3
4715 6
4716 22
4717 50
4718 79
4719 125
4720 17
4721 19
4722 35
4723 10
4724 151
4725 38
4726 29
4727 56
4728 44
4729 65
4730 23
4731 31
4732 143
4733 5
4734 18
4735 37
4736 8
4737 116
4738 59
4739 40
4740 28
4741 52
4742 38
4743 45
4744 29
4745 3
4746 1
4747 55
4748 35
4749 28
4750 41
4751 3
4752 5
4753 3
4754 25
4755 82
4756 26
4757 106
4758 19
4759 18
4760 26
4761 2
4762 1
4763 28
4764 16
4765 54
4766 96
4767 25
4768 11
4769 45
4770 45
4771 3
4772 45
4773 19
4774 7
4775 6
4776 26
4777 36
4778 102
4779 50
4780 10
4781 78
4782 1
4783 17
4784 34
4785 6
4786 5
4787 10
4788 4
4789 10
4790 175
4791 13
4792 43
4793 4
4794 3
4795 48
4796 17
4797 1
4798 79
4799 61
4800 4
4801 19
4802 43
4803 50
4804 25
4805 7
4806 9
4807 5
4808 16
4809 6
4810 72
4811 6
4812 23
4813 7
4814 14
4815 9
4816 2
4817 9
4818 33
4819 14
4820 105
4821 2
4822 46
4823 109
4824 16
4825 7
4826 50
4827 21
4828 11
4829 21
4830 46
4831 39
4832 20
4833 21
4834 86
4835 15
4836 77
4837 13
4838 32
4839 34
4840 15
4841 58
4842 6
4843 21
4844 154
4845 43
4846 13
4847 25
4848 14
4849 88
4850 52
4851 11
4852 42
4853 8
4854 27
4855 6
4856 75
4857 49
4858 20
4859 30
4860 48
4861 23
4862 21
4863 62
4864 24
4865 22
4866 6
4867 78
4868 55
4869 42
4870 69
4871 41
4872 48
4873 63
4874 5
4875 13
4876 13
4877 16
4878 51
4879 44
4880 8
4881 60
4882 18
4883 22
4884 5
4885 56
4886 23
4887 14
4888 15
4889 2
4890 18
4891 65
4892 9
4893 19
4894 88
4895 41
4896 12
4897 8
4898 27
4899 24
4900 33
4901 18
4902 17
4903 90
4904 10
4905 71
4906 48
4907 17
4908 49
4909 18
4910 46
4911 8
4912 6
4913 32
4914 5
4915 12
4916 116
4917 15
4918 19
4919 2
4920 42
4921 2
4922 47
4923 1
4924 116
4925 26
4926 27
4927 21
4928 43
4929 5
4930 16
4931 45
4932 26
4933 78
4934 81
4935 5
4936 34
4937 36
4938 81
4939 33
4940 39
4941 23
4942 14
4943 50
4944 15
4945 21
4946 14
4947 181
4948 15
4949 9
4950 20
4951 8
4952 38
4953 2
4954 103
4955 57
4956 13
4957 18
4958 33
4959 107
4960 1
4961 15
4962 113
4963 7
4964 92
4965 34
4966 24
4967 167
4968 45
4969 27
4970 12
4971 7
4972 28
4973 29
4974 11
4975 90
4976 30
4977 112
4978 59
4979 9
4980 18
4981 11
4982 78
4983 40
4984 1
4985 21
4986 68
4987 30
4988 4
4989 34
4990 4
4991 2
4992 94
4993 1
4994 23
4995 31
4996 26
4997 13
4998 21
4999 40
5000 19
5001 14
5002 60
5003 24
5004 43
5005 115
5006 46
5007 6
5008 28
5009 29
5010 5
5011 60
5012 1
5013 8
5014 2
5015 23
5016 1
5017 11
5018 13
5019 3
5020 13
5021 27
5022 84
5023 5
5024 25
5025 69
5026 3
5027 39
5028 11
5029 15
5030 55
5031 41
5032 76
5033 32
5034 28
5035 23
5036 61
5037 82
5038 21
5039 4
5040 11
5041 11
5042 27
5043 33
5044 36
5045 2
5046 30
5047 2
5048 46
5049 17
5050 17
5051 49
5052 34
5053 24
5054 1
5055 14
5056 53
5057 30
5058 8
5059 33
5060 11
5061 12
5062 61
5063 44
5064 69
5065 94
5066 16
5067 4
5068 29
5069 34
5070 104
5071 21
5072 45
5073 37
5074 6
5075 27
5076 25
5077 2
5078 8
5079 135
5080 243
5081 28
5082 48
5083 15
5084 15
5085 25
5086 70
5087 42
5088 43
5089 1
5090 9
5091 6
5092 46
5093 5
5094 10
5095 14
5096 15
5097 11
5098 3
5099 19
5100 62
5101 31
5102 2
5103 3
5104 56
5105 24
5106 63
5107 39
5108 10
5109 7
5110 4
5111 164
5112 28
5113 29
5114 24
5115 6
5116 17
5117 16
5118 26
5119 8
5120 37
5121 14
5122 66
5123 27
5124 28
5125 22
5126 8
5127 50
5128 27
5129 32
5130 11
5131 25
5132 16
5133 10
5134 37
5135 10
5136 87
5137 34
5138 68
5139 13
5140 13
5141 28
5142 42
5143 122
5144 10
5145 49
5146 4
5147 2
5148 86
5149 27
5150 48
5151 4
5152 4
5153 13
5154 72
5155 134
5156 12
5157 2
5158 35
5159 25
5160 3
5161 47
5162 22
5163 26
5164 59
5165 16
5166 23
5167 8
5168 4
5169 40
5170 7
5171 32
5172 63
5173 13
5174 71
5175 12
5176 18
5177 52
5178 13
5179 34
5180 20
5181 13
5182 11
5183 58
5184 37
5185 25
5186 104
5187 305
5188 11
5189 85
5190 16
5191 6
5192 48
5193 19
5194 48
5195 78
5196 5
5197 17
5198 3
5199 13
5200 3
5201 69
5202 25
5203 5
5204 9
5205 39
5206 120
5207 11
5208 8
5209 1
5210 5
5211 62
5212 4
5213 83
5214 1
5215 20
5216 91
5217 18
5218 1
5219 20
5220 100
5221 8
5222 3
5223 9
5224 37
5225 35
5226 5
5227 12
5228 14
5229 10
5230 59
5231 1
5232 10
5233 17
5234 9
5235 51
5236 24
5237 11
5238 21
5239 100
5240 6
5241 109
5242 59
5243 44
5244 34
5245 17
5246 109
5247 3
5248 25
5249 5
5250 43
5251 8
5252 8
5253 52
5254 111
5255 146
5256 33
5257 15
5258 10
5259 10
5260 50
5261 64
5262 5
5263 21
5264 75
5265 28
5266 29
5267 1
5268 17
5269 104
5270 13
5271 44
5272 4
5273 38
5274 35
5275 175
5276 16
5277 8
5278 23
5279 56
5280 90
5281 1
5282 18
5283 50
5284 9
5285 80
5286 9
5287 13
5288 164
5289 72
5290 38
5291 12
5292 94
5293 27
5294 9
5295 8
5296 21
5297 4
5298 39
5299 98
5300 2
5301 35
5302 31
5303 33
5304 56
5305 65
5306 21
5307 101
5308 17
5309 10
5310 123
5311 38
5312 96
5313 43
5314 98
5315 54
5316 5
5317 25
5318 6
5319 1
5320 26
5321 135
5322 30
5323 15
5324 23
5325 64
5326 36
5327 4
5328 4
5329 111
5330 11
5331 56
5332 38
5333 18
5334 34
5335 5
5336 36
5337 48
5338 32
5339 36
5340 24
5341 3
5342 11
5343 53
5344 24
5345 35
5346 10
5347 58
5348 82
5349 5
5350 51
5351 13
5352 12
5353 114
5354 42
5355 9
5356 7
5357 5
5358 10
5359 12
5360 28
5361 23
5362 67
5363 10
5364 71
5365 5
5366 20
5367 27
5368 8
5369 9
5370 73
5371 29
5372 27
5373 1
5374 36
5375 44
5376 20
5377 113
5378 82
5379 5
5380 33
5381 44
5382 1
5383 19
5384 37
5385 52
5386 22
5387 148
5388 58
5389 39
5390 17
5391 18
5392 15
5393 4
5394 10
5395 117
5396 26
5397 7
5398 16
5399 1
5400 99
5401 23
5402 13
5403 78
5404 12
5405 155
5406 62
5407 2
5408 56
5409 24
5410 14
5411 53
5412 78
5413 2
5414 55
5415 10
5416 12
5417 44
5418 6
5419 41
5420 87
5421 42
5422 15
5423 4
5424 24
5425 2
5426 14
5427 25
5428 25
5429 3
5430 89
5431 48
5432 5
5433 29
5434 78
5435 60
5436 55
5437 88
5438 113
5439 1
5440 9
5441 39
5442 27
5443 16
5444 19
5445 56
5446 19
5447 87
5448 27
5449 14
5450 31
5451 4
5452 13
5453 7
5454 28
5455 31
5456 119
5457 84
5458 3
5459 15
5460 18
5461 39
5462 64
5463 49
5464 39
5465 88
5466 69
5467 10
5468 7
5469 3
5470 18
5471 14
5472 8
5473 126
5474 13
5475 24
5476 10
5477 20
5478 24
5479 46
5480 77
5481 2
5482 14
5483 3
5484 51
5485 20
5486 37
5487 62
5488 2
5489 12
5490 64
5491 66
5492 58
5493 9
5494 34
5495 60
5496 39
5497 75
5498 21
5499 42
5500 28
5501 97
5502 58
5503 81
5504 48
5505 18
5506 25
5507 3
5508 76
5509 46
5510 16
5511 76
5512 29
5513 38
5514 14
5515 36
5516 7
5517 4
5518 124
5519 81
5520 53
5521 89
5522 39
5523 18
5524 39
5525 36
5526 26
5527 54
5528 121
5529 24
5530 33
5531 63
5532 59
5533 36
5534 41
5535 3
5536 47
5537 48
5538 20
5539 16
5540 25
5541 15
5542 4
5543 15
5544 2
5545 45
5546 58
5547 8
5548 39
5549 1
5550 59
5551 31
5552 20
5553 6
5554 5
5555 27
5556 25
5557 7
5558 221
5559 30
5560 100
5561 19
5562 29
5563 12
5564 13
5565 7
5566 38
5567 15
5568 33
5569 7
5570 48
5571 24
5572 14
5573 31
5574 15
5575 43
5576 25
5577 12
5578 10
5579 85
5580 20
5581 39
5582 15
5583 14
5584 126
5585 34
5586 3
5587 67
5588 15
5589 21
5590 21
5591 1
5592 4
5593 41
5594 4
5595 40
5596 9
5597 1
5598 20
5599 105
5600 18
5601 29
5602 70
5603 18
5604 3
5605 71
5606 103
5607 61
5608 10
5609 15
5610 11
5611 6
5612 5
5613 17
5614 37
5615 72
5616 25
5617 3
5618 1
5619 57
5620 2
5621 71
5622 8
5623 19
5624 5
5625 14
5626 17
5627 38
5628 24
5629 11
5630 13
5631 59
5632 32
5633 90
5634 149
5635 65
5636 104
5637 22
5638 30
5639 5
5640 83
5641 22
5642 50
5643 7
5644 17
5645 37
5646 24
5647 3
5648 8
5649 7
5650 4
5651 19
5652 19
5653 65
5654 209
5655 20
5656 34
5657 12
5658 4
5659 16
5660 10
5661 50
5662 26
5663 30
5664 30
5665 33
5666 3
5667 63
5668 70
5669 11
5670 25
5671 12
5672 79
5673 13
5674 58
5675 85
5676 23
5677 9
5678 4
5679 62
5680 36
5681 7
5682 92
5683 31
5684 7
5685 60
5686 27
5687 24
5688 26
5689 29
5690 16
5691 7
5692 30
5693 19
5694 73
5695 18
5696 102
5697 8
5698 57
5699 7
5700 21
5701 17
5702 17
5703 54
5704 18
5705 4
5706 37
5707 107
5708 88
5709 26
5710 79
5711 22
5712 32
5713 1
5714 11
5715 4
5716 45
5717 63
5718 6
5719 46
5720 7
5721 11
5722 9
5723 9
5724 16
5725 92
5726 2
5727 2
5728 39
5729 37
5730 5
5731 55
5732 17
5733 79
5734 49
5735 24
5736 36
5737 15
5738 20
5739 60
5740 5
5741 13
5742 14
5743 1
5744 33
5745 5
5746 26
5747 5
5748 52
5749 64
5750 101
5751 59
5752 31
5753 45
5754 16
5755 15
5756 20
5757 31
5758 12
5759 15
5760 36
5761 20
5762 32
5763 174
5764 23
5765 49
5766 31
5767 52
5768 3
5769 8
5770 77
5771 1
5772 22
5773 26
5774 68
5775 34
5776 50
5777 1
5778 81
5779 13
5780 10
5781 91
5782 34
5783 21
5784 9
5785 6
5786 2
5787 11
5788 20
5789 61
5790 3
5791 17
5792 7
5793 50
5794 32
5795 3
5796 12
5797 17
5798 23
5799 13
5800 1
5801 36
5802 50
5803 4
5804 14
5805 148
5806 13
5807 32
5808 34
5809 12
5810 56
5811 35
5812 2
5813 20
5814 26
5815 23
5816 8
5817 2
5818 56
5819 13
5820 26
5821 12
5822 43
5823 21
5824 22
5825 11
5826 10
5827 46
5828 54
5829 2
5830 18
5831 25
5832 3
5833 44
5834 2
5835 49
5836 53
5837 16
5838 7
5839 37
5840 18
5841 71
5842 11
5843 14
5844 14
5845 8
5846 39
5847 28
5848 37
5849 18
5850 12
5851 1
5852 8
5853 10
5854 35
5855 8
5856 8
5857 10
5858 17
5859 33
5860 31
5861 13
5862 6
5863 82
5864 33
5865 17
5866 32
5867 33
5868 32
5869 41
5870 38
5871 61
5872 10
5873 25
5874 51
5875 19
5876 2
5877 5
5878 25
5879 18
5880 106
5881 8
5882 18
5883 19
5884 12
5885 43
5886 44
5887 77
5888 35
5889 20
5890 3
5891 23
5892 47
5893 56
5894 5
5895 4
5896 10
5897 37
5898 6
5899 22
5900 1
5901 67
5902 36
5903 39
5904 21
5905 7
5906 13
5907 75
5908 14
5909 59
5910 91
5911 15
5912 22
5913 17
5914 61
5915 8
5916 32
5917 29
5918 1
5919 12
5920 92
5921 20
5922 10
5923 5
5924 27
5925 86
5926 1
5927 15
5928 22
5929 8
5930 41
5931 18
5932 13
5933 76
5934 7
5935 91
5936 34
5937 42
5938 34
5939 14
5940 46
5941 31
5942 21
5943 4
5944 10
5945 21
5946 36
5947 49
5948 57
5949 92
5950 28
5951 14
5952 107
5953 19
5954 19
5955 20
5956 69
5957 19
5958 67
5959 106
5960 11
5961 21
5962 15
5963 73
5964 79
5965 71
5966 58
5967 83
5968 24
5969 6
5970 24
5971 13
5972 4
5973 17
5974 3
5975 22
5976 32
5977 127
5978 92
5979 25
5980 61
5981 58
5982 19
5983 6
5984 130
5985 52
5986 55
5987 49
5988 1
5989 33
5990 67
5991 153
5992 16
5993 2
5994 177
5995 7
5996 115
5997 41
5998 70
5999 32
6000 116
6001 10
6002 2
6003 28
6004 1
6005 53
6006 15
6007 11
6008 19
6009 42
6010 6
6011 22
6012 30
6013 22
6014 29
6015 1
6016 46
6017 14
6018 18
6019 4
6020 29
6021 16
6022 87
6023 14
6024 14
6025 3
6026 53
6027 25
6028 84
6029 8
6030 10
6031 14
6032 7
6033 27
6034 43
6035 45
6036 8
6037 6
6038 4
6039 18
6040 1
6041 3
6042 21
6043 29
6044 68
6045 6
6046 41
6047 3
6048 64
6049 11
6050 115
6051 19
6052 34
6053 92
6054 15
6055 33
6056 34
6057 29
6058 18
6059 18
6060 64
6061 43
6062 29
6063 10
6064 16
6065 6
6066 27
6067 2
6068 28
6069 2
6070 15
6071 44
6072 36
6073 21
6074 33
6075 18
6076 16
6077 101
6078 2
6079 6
6080 21
6081 64
6082 5
6083 3
6084 67
6085 4
6086 74
6087 3
6088 17
6089 56
6090 25
6091 15
6092 40
6093 20
6094 3
6095 101
6096 73
6097 22
6098 30
6099 21
6100 8
6101 18
6102 56
6103 51
6104 47
6105 41
6106 10
6107 15
6108 51
6109 15
6110 23
6111 3
6112 33
6113 86
6114 16
6115 19
6116 28
6117 20
6118 66
6119 31
6120 29
6121 10
6122 35
6123 28
6124 18
6125 10
6126 2
6127 3
6128 26
6129 43
6130 33
6131 32
6132 8
6133 6
6134 7
6135 11
6136 54
6137 32
6138 112
6139 6
6140 3
6141 15
6142 39
6143 20
6144 11
6145 84
6146 11
6147 3
6148 79
6149 10
6150 6
6151 133
6152 28
6153 98
6154 11
6155 50
6156 40
6157 15
6158 12
6159 3
6160 58
6161 18
6162 75
6163 44
6164 33
6165 1
6166 19
6167 16
6168 46
6169 28
6170 38
6171 8
6172 19
6173 51
6174 98
6175 7
6176 10
6177 23
6178 43
6179 87
6180 34
6181 10
6182 21
6183 13
6184 25
6185 111
6186 16
6187 5
6188 82
6189 25
6190 88
6191 10
6192 41
6193 97
6194 106
6195 14
6196 30
6197 32
6198 3
6199 9
6200 22
6201 45
6202 35
6203 20
6204 96
6205 150
6206 17
6207 9
6208 77
6209 17
6210 8
6211 53
6212 2
6213 8
6214 8
6215 29
6216 4
6217 50
6218 46
6219 48
6220 29
6221 61
6222 24
6223 1
6224 52
6225 39
6226 12
6227 92
6228 11
6229 38
6230 23
6231 74
6232 9
6233 37
6234 16
6235 1
6236 14
6237 21
6238 51
6239 1
6240 37
6241 143
6242 7
6243 13
6244 21
6245 66
6246 46
6247 32
6248 17
6249 33
6250 50
6251 12
6252 36
6253 33
6254 9
6255 54
6256 35
6257 23
6258 41
6259 82
6260 10
6261 113
6262 126
6263 20
6264 12
6265 1
6266 29
6267 94
6268 9
6269 2
6270 157
6271 16
6272 21
6273 67
6274 20
6275 43
6276 14
6277 28
6278 25
6279 8
6280 2
6281 54
6282 20
6283 11
6284 41
6285 50
6286 14
6287 14
6288 8
6289 18
6290 7
6291 6
6292 2
6293 11
6294 4
6295 22
6296 52
6297 65
6298 13
6299 3
6300 16
6301 40
6302 315
6303 40
6304 57
6305 18
6306 18
6307 31
6308 25
6309 59
6310 5
6311 24
6312 66
6313 2
6314 22
6315 8
6316 13
6317 20
6318 5
6319 6
6320 2
6321 95
6322 30
6323 30
6324 51
6325 13
6326 2
6327 100
6328 44
6329 10
6330 14
6331 47
6332 5
6333 26
6334 7
6335 1
6336 5
6337 44
6338 31
6339 26
6340 44
6341 27
6342 81
6343 55
6344 26
6345 27
6346 18
6347 16
6348 1
6349 6
6350 48
6351 21
6352 5
6353 36
6354 151
6355 25
6356 12
6357 83
6358 38
6359 8
6360 52
6361 1
6362 7
6363 10
6364 36
6365 9
6366 9
6367 16
6368 84
6369 29
6370 30
6371 27
6372 48
6373 32
6374 9
6375 3
6376 65
6377 72
6378 3
6379 25
6380 57
6381 41
6382 14
6383 5
6384 67
6385 2
6386 41
6387 38
6388 99
6389 8
6390 63
6391 98
6392 54
6393 85
6394 9
6395 3
6396 57
6397 38
6398 77
6399 91
6400 19
6401 4
6402 11
6403 93
6404 17
6405 17
6406 28
6407 31
6408 35
6409 51
6410 10
6411 30
6412 90
6413 57
6414 23
6415 46
6416 9
6417 43
6418 2
6419 4
6420 10
6421 29
6422 4
6423 5
6424 65
6425 27
6426 18
6427 3
6428 9
6429 22
6430 17
6431 37
6432 21
6433 30
6434 59
6435 3
6436 7
6437 36
6438 14
6439 17
6440 54
6441 41
6442 28
6443 19
6444 76
6445 4
6446 45
6447 27
6448 38
6449 16
6450 31
6451 19
6452 18
6453 38
6454 46
6455 35
6456 8
6457 16
6458 46
6459 46
6460 8
6461 23
6462 53
6463 40
6464 25
6465 52
6466 8
6467 5
6468 19
6469 17
6470 40
6471 4
6472 12
6473 23
6474 70
6475 106
6476 9
6477 15
6478 32
6479 69
6480 23
6481 1
6482 9
6483 8
6484 44
6485 18
6486 13
6487 18
6488 32
6489 46
6490 128
6491 81
6492 125
6493 19
6494 55
6495 34
6496 30
6497 54
6498 13
6499 19
6500 68
6501 68
6502 14
6503 6
6504 21
6505 42
6506 4
6507 16
6508 66
6509 2
6510 34
6511 36
6512 1
6513 65
6514 8
6515 32
6516 24
6517 34
6518 27
6519 9
6520 28
6521 9
6522 41
6523 13
6524 55
6525 4
6526 13
6527 23
6528 91
6529 17
6530 6
6531 42
6532 22
6533 67
6534 61
6535 14
6536 2
6537 13
6538 6
6539 10
6540 14
6541 1
6542 35
6543 18
6544 32
6545 46
6546 34
6547 41
6548 26
6549 30
6550 16
6551 30
6552 15
6553 79
6554 83
6555 46
6556 19
6557 58
6558 10
6559 8
6560 49
6561 40
6562 75
6563 13
6564 78
6565 13
6566 11
6567 39
6568 34
6569 7
6570 18
6571 5
6572 26
6573 39
6574 4
6575 44
6576 10
6577 30
6578 40
6579 16
6580 30
6581 26
6582 3
6583 28
6584 11
6585 73
6586 15
6587 141
6588 70
6589 60
6590 20
6591 47
6592 1
6593 3
6594 6
6595 18
6596 7
6597 76
6598 8
6599 11
6600 74
6601 31
6602 114
6603 8
6604 27
6605 2
6606 2
6607 11
6608 100
6609 5
6610 21
6611 94
6612 28
6613 144
6614 111
6615 32
6616 123
6617 114
6618 10
6619 23
6620 2
6621 59
6622 121
6623 17
6624 10
6625 18
6626 8
6627 12
6628 5
6629 15
6630 5
6631 70
6632 18
6633 57
6634 22
6635 115
6636 26
6637 86
6638 52
6639 11
6640 1
6641 16
6642 33
6643 4
6644 35
6645 7
6646 27
6647 66
6648 11
6649 8
6650 32
6651 12
6652 19
6653 15
6654 110
6655 24
6656 4
6657 15
6658 14
6659 42
6660 121
6661 41
6662 40
6663 3
6664 104
6665 92
6666 3
6667 16
6668 2
6669 14
6670 3
6671 16
6672 22
6673 24
6674 50
6675 3
6676 10
6677 38
6678 1
6679 23
6680 36
6681 18
6682 8
6683 25
6684 70
6685 30
6686 23
6687 22
6688 14
6689 57
6690 20
6691 4
6692 21
6693 16
6694 69
6695 48
6696 19
6697 14
6698 98
6699 5
6700 32
6701 1
6702 8
6703 41
6704 17
6705 11
6706 1
6707 28
6708 2
6709 8
6710 8
6711 65
6712 61
6713 32
6714 38
6715 92
6716 30
6717 15
6718 157
6719 13
6720 57
6721 5
6722 38
6723 24
6724 118
6725 61
6726 92
6727 92
6728 19
6729 26
6730 6
6731 52
6732 156
6733 5
6734 24
6735 10
6736 5
6737 28
6738 2
6739 52
6740 5
6741 73
6742 51
6743 82
6744 48
6745 14
6746 83
6747 20
6748 11
6749 32
6750 29
6751 30
6752 37
6753 77
6754 12
6755 12
6756 53
6757 7
6758 15
6759 56
6760 79
6761 9
6762 48
6763 9
6764 57
6765 14
6766 78
6767 2
6768 17
6769 40
6770 4
6771 12
6772 3
6773 49
6774 68
6775 43
6776 60
6777 17
6778 70
6779 12
6780 32
6781 31
6782 8
6783 11
6784 20
6785 56
6786 7
6787 36
6788 43
6789 12
6790 109
6791 44
6792 22
6793 45
6794 2
6795 32
6796 63
6797 28
6798 28
6799 28
6800 21
6801 36
6802 25
6803 10
6804 40
6805 71
6806 4
6807 46
6808 1
6809 67
6810 24
6811 86
6812 77
6813 56
6814 9
6815 26
6816 54
6817 86
6818 13
6819 2
6820 22
6821 23
6822 33
6823 2
6824 33
6825 89
6826 9
6827 2
6828 70
6829 91
6830 15
6831 71
6832 7
6833 42
6834 12
6835 32
6836 35
6837 8
6838 56
6839 13
6840 43
6841 11
6842 10
6843 12
6844 7
6845 9
6846 5
6847 57
6848 31
6849 88
6850 81
6851 50
6852 12
6853 39
6854 31
6855 3
6856 30
6857 20
6858 4
6859 64
6860 5
6861 8
6862 80
6863 73
6864 16
6865 68
6866 14
6867 7
6868 39
6869 1
6870 76
6871 110
6872 31
6873 87
6874 7
6875 125
6876 29
6877 17
6878 21
6879 11
6880 21
6881 46
6882 21
6883 33
6884 26
6885 3
6886 2
6887 36
6888 5
6889 121
6890 25
6891 31
6892 57
6893 10
6894 56
6895 11
6896 30
6897 9
6898 36
6899 81
6900 17
6901 69
6902 9
6903 5
6904 13
6905 16
6906 2
6907 21
6908 56
6909 9
6910 95
6911 13
6912 186
6913 8
6914 21
6915 38
6916 53
6917 18
6918 22
6919 8
6920 3
6921 1
6922 7
6923 41
6924 16
6925 31
6926 9
6927 66
6928 108
6929 38
6930 11
6931 23
6932 17
6933 57
6934 13
6935 69
6936 13
6937 20
6938 20
6939 68
6940 18
6941 47
6942 69
6943 45
6944 68
6945 65
6946 1
6947 17
6948 15
6949 3
6950 30
6951 41
6952 1
6953 65
6954 48
6955 30
6956 54
6957 17
6958 10
6959 48
6960 31
6961 11
6962 10
6963 118
6964 1
6965 57
6966 58
6967 17
6968 19
6969 3
6970 4
6971 48
6972 13
6973 92
6974 14
6975 39
6976 18
6977 21
6978 21
6979 20
6980 77
6981 6
6982 61
6983 18
6984 65
6985 50
6986 60
6987 17
6988 22
6989 18
6990 24
6991 107
6992 44
6993 67
6994 35
6995 9
6996 2
6997 12
6998 88
6999 54
7000 86
7001 63
7002 41
7003 22
7004 112
7005 73
7006 8
7007 11
7008 13
7009 8
7010 44
7011 64
7012 50
7013 8
7014 13
7015 72
7016 16
7017 61
7018 7
7019 8
7020 18
7021 103
7022 8
7023 27
7024 3
7025 5
7026 14
7027 23
7028 16
7029 31
7030 23
7031 12
7032 2
7033 2
7034 195
7035 14
7036 26
7037 57
7038 38
7039 14
7040 55
7041 16
7042 58
7043 20
7044 13
7045 19
7046 9
7047 23
7048 5
7049 25
7050 33
7051 4
7052 4
7053 88
7054 4
7055 97
7056 90
7057 46
7058 19
7059 14
7060 77
7061 4
7062 224
7063 78
7064 64
7065 82
7066 35
7067 22
7068 155
7069 51
7070 7
7071 6
7072 42
7073 3
7074 5
7075 16
7076 21
7077 61
7078 4
7079 36
7080 26
7081 13
7082 30
7083 11
7084 11
7085 28
7086 51
7087 29
7088 57
7089 63
7090 2
7091 2
7092 8
7093 1
7094 8
7095 28
7096 25
7097 6
7098 42
7099 79
7100 4
7101 2
7102 15
7103 38
7104 127
7105 33
7106 3
7107 26
7108 15
7109 73
7110 12
7111 27
7112 17
7113 144
7114 39
7115 24
7116 15
7117 44
7118 3
7119 11
7120 12
7121 66
7122 16
7123 41
7124 9
7125 28
7126 12
7127 117
7128 26
7129 1
7130 21
7131 25
7132 6
7133 7
7134 112
7135 10
7136 15
7137 4
7138 21
7139 51
7140 13
7141 64
7142 10
7143 36
7144 14
7145 2
7146 1
7147 34
7148 55
7149 13
7150 4
7151 30
7152 24
7153 152
7154 101
7155 37
7156 31
7157 2
7158 38
7159 32
7160 92
7161 45
7162 49
7163 38
7164 41
7165 2
7166 4
7167 19
7168 83
7169 1
7170 18
7171 71
7172 2
7173 3
7174 10
7175 45
7176 57
7177 16
7178 9
7179 12
7180 18
7181 27
7182 14
7183 32
7184 5
7185 70
7186 15
7187 10
7188 18
7189 49
7190 58
7191 5
7192 9
7193 56
7194 7
7195 4
7196 18
7197 35
7198 54
7199 51
7200 13
7201 78
7202 3
7203 17
7204 14
7205 21
7206 30
7207 36
7208 8
7209 152
7210 126
7211 24
7212 30
7213 90
7214 18
7215 47
7216 1
7217 46
7218 16
7219 6
7220 112
7221 5
7222 80
7223 30
7224 50
7225 29
7226 38
7227 13
7228 16
7229 10
7230 4
7231 78
7232 16
7233 1
7234 20
7235 20
7236 26
7237 44
7238 19
7239 102
7240 10
7241 31
7242 21
7243 11
7244 36
7245 33
7246 10
7247 17
7248 19
7249 124
7250 8
7251 4
7252 8
7253 38
7254 20
7255 7
7256 52
7257 14
7258 25
7259 8
7260 8
7261 45
7262 27
7263 111
7264 112
7265 89
7266 5
7267 7
7268 16
7269 46
7270 219
7271 15
7272 9
7273 1
7274 32
7275 11
7276 95
7277 19
7278 38
7279 40
7280 4
7281 70
7282 73
7283 20
7284 2
7285 9
7286 23
7287 46
7288 2
7289 26
7290 50
7291 35
7292 21
7293 8
7294 8
7295 18
7296 56
7297 6
7298 65
7299 25
7300 36
7301 20
7302 35
7303 4
7304 2
7305 40
7306 24
7307 40
7308 17
7309 81
7310 13
7311 58
7312 34
7313 4
7314 4
7315 126
7316 10
7317 40
7318 15
7319 26
7320 16
7321 3
7322 39
7323 6
7324 32
7325 37
7326 5
7327 36
7328 34
7329 26
7330 47
7331 9
7332 8
7333 49
7334 31
7335 200
7336 40
7337 49
7338 55
7339 55
7340 76
7341 51
7342 138
7343 38
7344 16
7345 49
7346 24
7347 79
7348 61
7349 80
7350 16
7351 15
7352 50
7353 7
7354 35
7355 6
7356 3
7357 102
7358 67
7359 4
7360 123
7361 48
7362 50
7363 59
7364 73
7365 77
7366 14
7367 86
7368 11
7369 37
7370 13
7371 149
7372 2
7373 26
7374 11
7375 21
7376 8
7377 37
7378 162
7379 69
7380 2
7381 36
7382 13
7383 119
7384 8
7385 25
7386 22
7387 5
7388 100
7389 17
7390 19
7391 65
7392 38
7393 16
7394 5
7395 14
7396 12
7397 109
7398 79
7399 37
7400 38
7401 108
7402 3
7403 3
7404 59
7405 8
7406 45
7407 49
7408 19
7409 53
7410 100
7411 2
7412 12
7413 4
7414 28
7415 35
7416 8
7417 11
7418 25
7419 8
7420 88
7421 29
7422 51
7423 17
7424 4
7425 7
7426 15
7427 30
7428 2
7429 7
7430 60
7431 41
7432 16
7433 3
7434 12
7435 12
7436 10
7437 48
7438 29
7439 9
7440 6
7441 1
7442 36
7443 4
7444 15
7445 2
7446 17
7447 48
7448 47
7449 40
7450 1
7451 90
7452 26
7453 11
7454 25
7455 23
7456 5
7457 10
7458 46
7459 18
7460 39
7461 6
7462 28
7463 2
7464 20
7465 45
7466 7
7467 16
7468 21
7469 10
7470 51
7471 27
7472 60
7473 31
7474 73
7475 97
7476 12
7477 47
7478 26
7479 52
7480 21
7481 50
7482 17
7483 26
7484 7
7485 22
7486 6
7487 21
7488 46
7489 46
7490 58
7491 51
7492 50
7493 19
7494 9
7495 14
7496 25
7497 38
7498 3
7499 126
7500 71
7501 26
7502 37
7503 34
7504 71
7505 11
7506 110
7507 128
7508 1
7509 44
7510 47
7511 95
7512 271
7513 82
7514 2
7515 32
7516 64
7517 9
7518 32
7519 26
7520 1
7521 8
7522 30
7523 5
7524 58
7525 2
7526 65
7527 14
7528 3
7529 56
7530 6
7531 6
7532 33
7533 6
7534 34
7535 4
7536 6
7537 83
7538 85
7539 20
7540 30
7541 74
7542 52
7543 51
7544 25
7545 26
7546 43
7547 6
7548 33
7549 2
7550 76
7551 14
7552 138
7553 7
7554 28
7555 1
7556 13
7557 21
7558 33
7559 41
7560 15
7561 2
7562 7
7563 88
7564 32
7565 31
7566 2
7567 6
7568 14
7569 5
7570 23
7571 16
7572 2
7573 1
7574 48
7575 7
7576 20
7577 8
7578 47
7579 80
7580 36
7581 5
7582 24
7583 19
7584 5
7585 3
7586 23
7587 43
7588 5
7589 10
7590 30
7591 7
7592 126
7593 27
7594 2
7595 6
7596 14
7597 60
7598 22
7599 7
7600 28
7601 11
7602 12
7603 66
7604 10
7605 110
7606 3
7607 42
7608 17
7609 13
7610 18
7611 97
7612 70
7613 16
7614 8
7615 12
7616 41
7617 21
7618 44
7619 37
7620 76
7621 37
7622 94
7623 21
7624 23
7625 65
7626 77
7627 10
7628 20
7629 44
7630 4
7631 26
7632 2
7633 2
7634 16
7635 9
7636 21
7637 3
7638 2
7639 11
7640 53
7641 6
7642 3
7643 3
7644 67
7645 5
7646 127
7647 3
7648 28
7649 87
7650 20
7651 12
7652 28
7653 12
7654 1
7655 19
7656 91
7657 39
7658 36
7659 13
7660 6
7661 8
7662 9
7663 90
7664 1
7665 32
7666 13
7667 81
7668 141
7669 2
7670 38
7671 8
7672 2
7673 11
7674 2
7675 42
7676 53
7677 24
7678 2
7679 19
7680 9
7681 40
7682 18
7683 5
7684 27
7685 79
7686 114
7687 188
7688 1
7689 157
7690 11
7691 2
7692 19
7693 16
7694 122
7695 85
7696 14
7697 74
7698 22
7699 17
7700 1
7701 38
7702 12
7703 24
7704 39
7705 32
7706 107
7707 27
7708 28
7709 40
7710 39
7711 52
7712 16
7713 17
7714 63
7715 4
7716 1
7717 43
7718 129
7719 23
7720 10
7721 56
7722 69
7723 7
7724 14
7725 13
7726 4
7727 23
7728 9
7729 14
7730 14
7731 1
7732 22
7733 106
7734 54
7735 25
7736 77
7737 25
7738 5
7739 5
7740 117
7741 43
7742 39
7743 9
7744 54
7745 6
7746 26
7747 31
7748 18
7749 20
7750 35
7751 13
7752 22
7753 10
7754 16
7755 108
7756 13
7757 5
7758 47
7759 19
7760 106
7761 35
7762 185
7763 116
7764 55
7765 16
7766 39
7767 26
7768 54
7769 34
7770 18
7771 23
7772 15
7773 78
7774 35
7775 22
7776 23
7777 59
7778 5
7779 22
7780 82
7781 56
7782 61
7783 36
7784 26
7785 12
7786 10
7787 23
7788 18
7789 72
7790 68
7791 3
7792 5
7793 3
7794 33
7795 16
7796 43
7797 67
7798 9
7799 6
7800 1
7801 10
7802 26
7803 23
7804 38
7805 23
7806 13
7807 1
7808 56
7809 83
7810 50
7811 7
7812 33
7813 83
7814 18
7815 3
7816 7
7817 46
7818 8
7819 45
7820 47
7821 32
7822 41
7823 57
7824 24
7825 19
7826 72
7827 22
7828 45
7829 19
7830 62
7831 77
7832 67
7833 60
7834 27
7835 68
7836 18
7837 9
7838 2
7839 5
7840 43
7841 12
7842 13
7843 8
7844 17
7845 4
7846 47
7847 2
7848 29
7849 62
7850 12
7851 6
7852 54
7853 116
7854 17
7855 46
7856 13
7857 55
7858 11
7859 33
7860 48
7861 35
7862 31
7863 84
7864 126
7865 3
7866 45
7867 2
7868 52
7869 17
7870 9
7871 16
7872 11
7873 37
7874 3
7875 84
7876 9
7877 63
7878 54
7879 4
7880 9
7881 68
7882 9
7883 29
7884 7
7885 12
7886 31
7887 15
7888 74
7889 22
7890 154
7891 3
7892 1
7893 3
7894 18
7895 2
7896 2
7897 20
7898 48
7899 4
7900 60
7901 48
7902 6
7903 126
7904 100
7905 6
7906 40
7907 26
7908 12
7909 1
7910 2
7911 34
7912 51
7913 66
7914 10
7915 17
7916 4
7917 24
7918 11
7919 40
7920 10
7921 5
7922 17
7923 13
7924 62
7925 8
7926 82
7927 24
7928 18
7929 38
7930 6
7931 6
7932 1
7933 33
7934 16
7935 20
7936 16
7937 10
7938 39
7939 71
7940 81
7941 37
7942 16
7943 46
7944 43
7945 1
7946 14
7947 13
7948 23
7949 5
7950 7
7951 4
7952 30
7953 65
7954 122
7955 34
7956 77
7957 12
7958 30
7959 35
7960 70
7961 103
7962 107
7963 12
7964 8
7965 46
7966 5
7967 52
7968 16
7969 6
7970 23
7971 148
7972 9
7973 36
7974 22
7975 47
7976 33
7977 12
7978 26
7979 84
7980 13
7981 3
7982 49
7983 72
7984 9
7985 33
7986 5
7987 88
7988 10
7989 127
7990 37
7991 34
7992 59
7993 87
7994 3
7995 15
7996 175
7997 37
7998 54
7999 14
8000 127
8001 23
8002 55
8003 67
8004 63
8005 2
8006 53
8007 60
8008 8
8009 16
8010 10
8011 14
8012 53
8013 47
8014 1
8015 12
8016 28
8017 134
8018 3
8019 11
8020 112
8021 13
8022 43
8023 15
8024 19
8025 21
8026 5
8027 24
8028 5
8029 121
8030 64
8031 38
8032 64
8033 9
8034 17
8035 19
8036 57
8037 4
8038 29
8039 15
8040 36
8041 38
8042 50
8043 53
8044 25
8045 45
8046 46
8047 152
8048 51
8049 13
8050 4
8051 15
8052 2
8053 6
8054 13
8055 93
8056 7
8057 2
8058 86
8059 2
8060 20
8061 11
8062 30
8063 6
8064 29
8065 47
8066 139
8067 7
8068 10
8069 9
8070 18
8071 7
8072 29
8073 86
8074 46
8075 7
8076 16
8077 48
8078 4
8079 95
8080 6
8081 3
8082 119
8083 78
8084 155
8085 17
8086 19
8087 4
8088 19
8089 12
8090 61
8091 28
8092 22
8093 25
8094 4
8095 120
8096 16
8097 45
8098 4
8099 18
8100 36
8101 19
8102 51
8103 15
8104 8
8105 48
8106 2
8107 5
8108 51
8109 31
8110 11
8111 8
8112 2
8113 52
8114 9
8115 31
8116 8
8117 12
8118 2
8119 25
8120 4
8121 60
8122 28
8123 24
8124 124
8125 52
8126 5
8127 78
8128 4
8129 14
8130 61
8131 9
8132 29
8133 100
8134 11
8135 26
8136 20
8137 3
8138 63
8139 13
8140 43
8141 9
8142 48
8143 35
8144 10
8145 38
8146 54
8147 24
8148 21
8149 100
8150 23
8151 33
8152 126
8153 5
8154 4
8155 33
8156 6
8157 52
8158 19
8159 11
8160 17
8161 4
8162 99
8163 9
8164 19
8165 40
8166 43
8167 54
8168 110
8169 112
8170 10
8171 9
8172 5
8173 98
8174 17
8175 11
8176 139
8177 19
8178 21
8179 51
8180 16
8181 38
8182 18
8183 76
8184 2
8185 11
8186 21
8187 21
8188 29
8189 59
8190 36
8191 14
8192 57
8193 16
8194 5
8195 2
8196 23
8197 30
8198 13
8199 12
8200 14
8201 6
8202 60
8203 23
8204 19
8205 110
8206 60
8207 10
8208 30
8209 11
8210 45
8211 85
8212 11
8213 1
8214 43
8215 11
8216 86
8217 28
8218 15
8219 76
8220 3
8221 4
8222 45
8223 15
8224 7
8225 19
8226 15
8227 30
8228 7
8229 104
8230 6
8231 12
8232 10
8233 7
8234 25
8235 45
8236 38
8237 13
8238 133
8239 9
8240 59
8241 9
8242 8
8243 5
8244 20
8245 17
8246 77
8247 85
8248 10
8249 4
8250 25
8251 129
8252 55
8253 89
8254 6
8255 31
8256 68
8257 1
8258 89
8259 1
8260 47
8261 54
8262 15
8263 37
8264 26
8265 7
8266 6
8267 18
8268 33
8269 26
8270 48
8271 14
8272 51
8273 19
8274 4
8275 33
8276 35
8277 7
8278 30
8279 9
8280 14
8281 37
8282 116
8283 29
8284 27
8285 43
8286 55
8287 23
8288 4
8289 47
8290 29
8291 31
8292 77
8293 7
8294 60
8295 30
8296 5
8297 72
8298 68
8299 102
8300 45
8301 4
8302 27
8303 27
8304 49
8305 31
8306 18
8307 239
8308 6
8309 4
8310 42
8311 82
8312 30
8313 3
8314 189
8315 13
8316 13
8317 62
8318 40
8319 79
8320 15
8321 3
8322 50
8323 40
8324 5
8325 36
8326 6
8327 13
8328 49
8329 11
8330 6
8331 61
8332 41
8333 1
8334 6
8335 21
8336 61
8337 4
8338 23
8339 2
8340 39
8341 33
8342 2
8343 5
8344 16
8345 5
8346 20
8347 23
8348 1
8349 47
8350 59
8351 56
8352 13
8353 45
8354 10
8355 102
8356 41
8357 27
8358 36
8359 2
8360 17
8361 50
8362 13
8363 45
8364 50
8365 18
8366 23
8367 122
8368 73
8369 124
8370 22
8371 11
8372 17
8373 24
8374 11
8375 1
8376 73
8377 1
8378 68
8379 28
8380 46
8381 27
8382 36
8383 82
8384 45
8385 22
8386 1
8387 16
8388 160
8389 15
8390 94
8391 13
8392 8
8393 17
8394 15
8395 88
8396 16
8397 32
8398 48
8399 4
8400 49
8401 11
8402 45
8403 1
8404 53
8405 64
8406 9
8407 10
8408 7
8409 35
8410 14
8411 96
8412 34
8413 20
8414 14
8415 23
8416 60
8417 2
8418 8
8419 8
8420 1
8421 22
8422 2
8423 1
8424 18
8425 31
8426 118
8427 35
8428 2
8429 21
8430 28
8431 2
8432 11
8433 50
8434 73
8435 13
8436 2
8437 114
8438 24
8439 7
8440 26
8441 112
8442 49
8443 254
8444 3
8445 7
8446 22
8447 2
8448 5
8449 75
8450 48
8451 2
8452 6
8453 6
8454 60
8455 21
8456 113
8457 31
8458 8
8459 71
8460 9
8461 12
8462 15
8463 19
8464 16
8465 6
8466 1
8467 2
8468 83
8469 56
8470 34
8471 12
8472 57
8473 8
8474 6
8475 9
8476 110
8477 5
8478 43
8479 1
8480 17
8481 1
8482 67
8483 27
8484 21
8485 26
8486 3
8487 5
8488 79
8489 51
8490 24
8491 93
8492 9
8493 13
8494 17
8495 1
8496 13
8497 21
8498 52
8499 46
8500 39
8501 21
8502 30
8503 33
8504 43
8505 21
8506 66
8507 88
8508 2
8509 47
8510 54
8511 10
8512 6
8513 36
8514 5
8515 11
8516 52
8517 24
8518 10
8519 19
8520 43
8521 45
8522 6
8523 10
8524 80
8525 6
8526 4
8527 58
8528 73
8529 54
8530 22
8531 11
8532 11
8533 31
8534 21
8535 42
8536 55
8537 23
8538 7
8539 11
8540 28
8541 5
8542 68
8543 99
8544 10
8545 15
8546 59
8547 28
8548 12
8549 32
8550 29
8551 10
8552 4
8553 11
8554 56
8555 21
8556 12
8557 4
8558 5
8559 20
8560 102
8561 20
8562 6
8563 24
8564 192
8565 7
8566 2
8567 10
8568 10
8569 15
8570 2
8571 20
8572 100
8573 15
8574 31
8575 36
8576 92
8577 10
8578 65
8579 125
8580 59
8581 85
8582 54
8583 17
8584 11
8585 17
8586 201
8587 17
8588 42
8589 27
8590 16
8591 44
8592 54
8593 15
8594 27
8595 8
8596 17
8597 62
8598 29
8599 19
8600 38
8601 82
8602 3
8603 76
8604 63
8605 28
8606 6
8607 13
8608 10
8609 9
8610 2
8611 17
8612 117
8613 2
8614 15
8615 11
8616 14
8617 3
8618 55
8619 21
8620 51
8621 38
8622 38
8623 73
8624 20
8625 78
8626 62
8627 12
8628 67
8629 11
8630 12
8631 14
8632 20
8633 9
8634 9
8635 39
8636 18
8637 40
8638 12
8639 49
8640 1
8641 18
8642 128
8643 17
8644 61
8645 17
8646 60
8647 43
8648 24
8649 36
8650 37
8651 31
8652 22
8653 94
8654 10
8655 3
8656 19
8657 42
8658 13
8659 57
8660 12
8661 17
8662 44
8663 35
8664 55
8665 45
8666 16
8667 37
8668 5
8669 21
8670 6
8671 115
8672 3
8673 10
8674 1
8675 10
8676 30
8677 12
8678 19
8679 75
8680 45
8681 1
8682 46
8683 28
8684 90
8685 64
8686 27
8687 59
8688 17
8689 65
8690 41
8691 18
8692 73
8693 3
8694 20
8695 35
8696 45
8697 22
8698 32
8699 14
8700 12
8701 28
8702 29
8703 4
8704 35
8705 13
8706 48
8707 2
8708 14
8709 32
8710 47
8711 140
8712 8
8713 135
8714 53
8715 138
8716 135
8717 57
8718 4
8719 112
8720 190
8721 28
8722 57
8723 102
8724 117
8725 1
8726 13
8727 92
8728 37
8729 7
8730 34
8731 24
8732 103
8733 1
8734 97
8735 12
8736 28
8737 7
8738 16
8739 13
8740 2
8741 19
8742 4
8743 26
8744 14
8745 43
8746 6
8747 1
8748 23
8749 44
8750 42
8751 58
8752 43
8753 32
8754 12
8755 30
8756 24
8757 33
8758 7
8759 26
8760 8
8761 5
8762 7
8763 39
8764 21
8765 49
8766 7
8767 56
8768 38
8769 14
8770 2
8771 29
8772 1
8773 48
8774 40
8775 1
8776 5
8777 8
8778 27
8779 4
8780 37
8781 7
8782 14
8783 3
8784 34
8785 64
8786 74
8787 21
8788 13
8789 18
8790 4
8791 3
8792 45
8793 10
8794 7
8795 33
8796 38
8797 7
8798 141
8799 19
8800 31
8801 13
8802 32
8803 24
8804 5
8805 72
8806 60
8807 6
8808 23
8809 74
8810 27
8811 35
8812 31
8813 3
8814 26
8815 69
8816 13
8817 77
8818 44
8819 31
8820 76
8821 34
8822 27
8823 13
8824 8
8825 152
8826 4
8827 62
8828 31
8829 40
8830 72
8831 47
8832 68
8833 22
8834 20
8835 13
8836 25
8837 18
8838 35
8839 21
8840 40
8841 51
8842 5
8843 59
8844 48
8845 31
8846 78
8847 61
8848 10
8849 48
8850 24
8851 62
8852 1
8853 53
8854 61
8855 12
8856 80
8857 41
8858 80
8859 17
8860 15
8861 47
8862 4
8863 61
8864 44
8865 26
8866 8
8867 73
8868 50
8869 17
8870 20
8871 49
8872 68
8873 15
8874 77
8875 18
8876 56
8877 5
8878 1
8879 30
8880 4
8881 36
8882 14
8883 46
8884 5
8885 15
8886 9
8887 31
8888 3
8889 28
8890 57
8891 14
8892 6
8893 170
8894 32
8895 10
8896 3
8897 5
8898 3
8899 63
8900 33
8901 15
8902 44
8903 23
8904 48
8905 7
8906 47
8907 34
8908 5
8909 14
8910 21
8911 87
8912 9
8913 27
8914 35
8915 25
8916 49
8917 6
8918 34
8919 5
8920 5
8921 29
8922 10
8923 11
8924 4
8925 10
8926 2
8927 50
8928 72
8929 14
8930 72
8931 44
8932 15
8933 13
8934 3
8935 13
8936 105
8937 161
8938 18
8939 3
8940 16
8941 24
8942 29
8943 12
8944 9
8945 56
8946 23
8947 48
8948 36
8949 29
8950 21
8951 22
8952 11
8953 5
8954 69
8955 8
8956 70
8957 3
8958 19
8959 4
8960 29
8961 59
8962 9
8963 14
8964 35
8965 21
8966 76
8967 15
8968 111
8969 38
8970 34
8971 18
8972 33
8973 37
8974 9
8975 55
8976 47
8977 2
8978 72
8979 134
8980 9
8981 66
8982 53
8983 48
8984 16
8985 74
8986 46
8987 13
8988 19
8989 23
8990 103
8991 58
8992 6
8993 127
8994 50
8995 23
8996 18
8997 12
8998 35
8999 70
9000 61
9001 14
9002 32
9003 62
9004 33
9005 15
9006 51
9007 63
9008 44
9009 15
9010 64
9011 1
9012 57
9013 16
9014 32
9015 4
9016 3
9017 2
9018 36
9019 6
9020 31
9021 62
9022 36
9023 91
9024 34
9025 94
9026 6
9027 31
9028 36
9029 44
9030 31
9031 58
9032 24
9033 72
9034 18
9035 37
9036 16
9037 12
9038 49
9039 35
9040 20
9041 131
9042 27
9043 18
9044 32
9045 19
9046 24
9047 69
9048 17
9049 18
9050 5
9051 23
9052 83
9053 37
9054 12
9055 8
9056 18
9057 12
9058 22
9059 32
9060 138
9061 91
9062 30
9063 9
9064 52
9065 27
9066 35
9067 14
9068 24
9069 6
9070 10
9071 56
9072 9
9073 5
9074 9
9075 54
9076 17
9077 73
9078 31
9079 29
9080 34
9081 20
9082 34
9083 17
9084 7
9085 6
9086 27
9087 66
9088 30
9089 13
9090 20
9091 17
9092 40
9093 4
9094 49
9095 6
9096 10
9097 5
9098 39
9099 123
9100 27
9101 11
9102 2
9103 9
9104 23
9105 8
9106 38
9107 39
9108 3
9109 5
9110 6
9111 48
9112 5
9113 2
9114 12
9115 77
9116 24
9117 152
9118 45
9119 44
9120 7
9121 99
9122 29
9123 36
9124 2
9125 39
9126 1
9127 27
9128 51
9129 109
9130 8
9131 6
9132 68
9133 61
9134 22
9135 9
9136 25
9137 2
9138 61
9139 55
9140 65
9141 1
9142 18
9143 4
9144 53
9145 25
9146 4
9147 22
9148 147
9149 41
9150 20
9151 57
9152 30
9153 49
9154 20
9155 9
9156 12
9157 39
9158 29
9159 10
9160 50
9161 14
9162 97
9163 27
9164 18
9165 42
9166 34
9167 7
9168 16
9169 3
9170 86
9171 32
9172 27
9173 59
9174 4
9175 62
9176 65
9177 131
9178 73
9179 28
9180 7
9181 30
9182 9
9183 20
9184 1
9185 10
9186 11
9187 88
9188 58
9189 3
9190 33
9191 26
9192 32
9193 27
9194 45
9195 17
9196 48
9197 76
9198 5
9199 15
9200 72
9201 38
9202 49
9203 21
9204 35
9205 66
9206 69
9207 102
9208 76
9209 15
9210 13
9211 4
9212 1
9213 7
9214 5
9215 17
9216 78
9217 39
9218 60
9219 26
9220 18
9221 67
9222 16
9223 74
9224 70
9225 10
9226 57
9227 148
9228 21
9229 12
9230 126
9231 7
9232 171
9233 33
9234 15
9235 3
9236 47
9237 2
9238 22
9239 116
9240 27
9241 16
9242 15
9243 21
9244 34
9245 5
9246 5
9247 21
9248 92
9249 2
9250 11
9251 89
9252 33
9253 66
9254 44
9255 56
9256 44
9257 69
9258 19
9259 58
9260 9
9261 4
9262 75
9263 3
9264 46
9265 2
9266 24
9267 20
9268 37
9269 4
9270 30
9271 18
9272 29
9273 9
9274 17
9275 2
9276 38
9277 86
9278 15
9279 12
9280 3
9281 34
9282 19
9283 1
9284 6
9285 34
9286 7
9287 28
9288 22
9289 74
9290 28
9291 31
9292 12
9293 6
9294 6
9295 25
9296 19
9297 59
9298 12
9299 36
9300 10
9301 135
9302 39
9303 56
9304 17
9305 46
9306 15
9307 69
9308 27
9309 25
9310 141
9311 43
9312 19
9313 54
9314 37
9315 14
9316 21
9317 35
9318 64
9319 24
9320 47
9321 7
9322 11
9323 51
9324 4
9325 105
9326 19
9327 18
9328 3
9329 24
9330 11
9331 35
9332 52
9333 3
9334 8
9335 35
9336 24
9337 23
9338 18
9339 9
9340 9
9341 50
9342 25
9343 30
9344 10
9345 12
9346 14
9347 58
9348 59
9349 2
9350 2
9351 36
9352 15
9353 3
9354 17
9355 14
9356 77
9357 209
9358 1
9359 60
9360 15
9361 8
9362 24
9363 17
9364 7
9365 9
9366 11
9367 21
9368 5
9369 16
9370 12
9371 16
9372 4
9373 14
9374 54
9375 72
9376 69
9377 6
9378 10
9379 16
9380 15
9381 19
9382 1
9383 4
9384 10
9385 4
9386 29
9387 55
9388 61
9389 33
9390 2
9391 64
9392 14
9393 41
9394 23
9395 3
9396 26
9397 21
9398 4
9399 10
9400 93
9401 2
9402 7
9403 40
9404 31
9405 9
9406 4
9407 26
9408 54
9409 24
9410 83
9411 19
9412 58
9413 43
9414 13
9415 11
9416 13
9417 34
9418 24
9419 64
9420 27
9421 40
9422 177
9423 36
9424 8
9425 8
9426 32
9427 10
9428 2
9429 9
9430 1
9431 113
9432 165
9433 17
9434 74
9435 2
9436 16
9437 89
9438 87
9439 81
9440 7
9441 79
9442 15
9443 45
9444 55
9445 14
9446 19
9447 81
9448 100
9449 5
9450 21
9451 65
9452 43
9453 47
9454 5
9455 55
9456 37
9457 2
9458 29
9459 51
9460 10
9461 41
9462 32
9463 30
9464 79
9465 6
9466 10
9467 27
9468 33
9469 24
9470 69
9471 1
9472 55
9473 33
9474 73
9475 6
9476 27
9477 16
9478 6
9479 52
9480 12
9481 48
9482 22
9483 17
9484 7
9485 101
9486 10
9487 24
9488 3
9489 50
9490 2
9491 8
9492 7
9493 31
9494 11
9495 24
9496 42
9497 16
9498 8
9499 32
9500 77
9501 50
9502 12
9503 97
9504 59
9505 93
9506 59
9507 5
9508 20
9509 43
9510 16
9511 8
9512 10
9513 9
9514 3
9515 39
9516 18
9517 11
9518 116
9519 6
9520 10
9521 147
9522 12
9523 9
9524 352
9525 12
9526 28
9527 5
9528 1
9529 6
9530 16
9531 5
9532 28
9533 8
9534 7
9535 40
9536 21
9537 21
9538 47
9539 61
9540 158
9541 13
9542 11
9543 3
9544 25
9545 92
9546 1
9547 17
9548 14
9549 42
9550 47
9551 8
9552 5
9553 4
9554 38
9555 2
9556 53
9557 32
9558 77
9559 91
9560 29
9561 52
9562 18
9563 20
9564 89
9565 27
9566 22
9567 10
9568 11
9569 60
9570 116
9571 4
9572 21
9573 47
9574 65
9575 5
9576 3
9577 29
9578 21
9579 30
9580 35
9581 32
9582 5
9583 14
9584 3
9585 19
9586 29
9587 54
9588 33
9589 237
9590 23
9591 2
9592 25
9593 4
9594 32
9595 26
9596 82
9597 11
9598 1
9599 2
9600 95
9601 4
9602 14
9603 6
9604 28
9605 2
9606 22
9607 24
9608 25
9609 11
9610 11
9611 18
9612 17
9613 1
9614 7
9615 6
9616 17
9617 28
9618 49
9619 89
9620 82
9621 5
9622 78
9623 9
9624 8
9625 69
9626 73
9627 4
9628 28
9629 3
9630 30
9631 70
9632 15
9633 24
9634 21
9635 13
9636 55
9637 3
9638 21
9639 29
9640 14
9641 45
9642 27
9643 12
9644 19
9645 4
9646 52
9647 27
9648 100
9649 60
9650 13
9651 27
9652 2
9653 38
9654 6
9655 8
9656 26
9657 31
9658 47
9659 19
9660 2
9661 46
9662 1
9663 34
9664 34
9665 32
9666 9
9667 10
9668 45
9669 10
9670 45
9671 5
9672 29
9673 34
9674 2
9675 14
9676 40
9677 2
9678 88
9679 51
9680 9
9681 7
9682 7
9683 81
9684 1
9685 11
9686 12
9687 9
9688 13
9689 27
9690 88
9691 57
9692 12
9693 46
9694 15
9695 18
9696 86
9697 24
9698 132
9699 49
9700 18
9701 32
9702 32
9703 4
9704 21
9705 90
9706 16
9707 9
9708 10
9709 21
9710 52
9711 69
9712 8
9713 48
9714 50
9715 14
9716 2
9717 23
9718 106
9719 65
9720 108
9721 108
9722 25
9723 97
9724 61
9725 1
9726 14
9727 17
9728 35
9729 4
9730 25
9731 49
9732 14
9733 9
9734 42
9735 27
9736 22
9737 54
9738 35
9739 1
9740 63
9741 22
9742 15
9743 8
9744 73
9745 16
9746 2
9747 3
9748 11
9749 7
9750 17
9751 3
9752 35
9753 23
9754 13
9755 10
9756 16
9757 76
9758 86
9759 9
9760 23
9761 29
9762 7
9763 124
9764 9
9765 6
9766 84
9767 4
9768 7
9769 33
9770 23
9771 13
9772 87
9773 66
9774 1
9775 37
9776 6
9777 15
9778 61
9779 6
9780 65
9781 133
9782 7
9783 2
9784 83
9785 8
9786 22
9787 78
9788 21
9789 52
9790 59
9791 57
9792 18
9793 7
9794 49
9795 8
9796 12
9797 18
9798 16
9799 1
9800 9
9801 30
9802 8
9803 49
9804 52
9805 39
9806 25
9807 7
9808 26
9809 49
9810 40
9811 14
9812 62
9813 185
9814 1
9815 37
9816 11
9817 18
9818 8
9819 55
9820 18
9821 6
9822 59
9823 15
9824 69
9825 6
9826 74
9827 23
9828 77
9829 6
9830 7
9831 63
9832 39
9833 18
9834 16
9835 114
9836 24
9837 54
9838 25
9839 49
9840 104
9841 14
9842 13
9843 33
9844 44
9845 25
9846 99
9847 22
9848 20
9849 61
9850 87
9851 29
9852 24
9853 19
9854 11
9855 13
9856 11
9857 113
9858 21
9859 16
9860 2
9861 15
9862 15
9863 13
9864 34
9865 219
9866 1
9867 29
9868 1
9869 13
9870 8
9871 64
9872 18
9873 39
9874 5
9875 12
9876 7
9877 164
9878 33
9879 25
9880 41
9881 10
9882 100
9883 1
9884 28
9885 49
9886 16
9887 63
9888 9
9889 4
9890 32
9891 20
9892 47
9893 54
9894 4
9895 17
9896 44
9897 8
9898 27
9899 40
9900 92
9901 13
9902 13
9903 34
9904 146
9905 4
9906 20
9907 28
9908 10
9909 2
9910 16
9911 33
9912 52
9913 62
9914 39
9915 82
9916 3
9917 20
9918 96
9919 9
9920 4
9921 16
9922 21
9923 16
9924 4
9925 21
9926 2
9927 32
9928 57
9929 32
9930 1
9931 28
9932 37
9933 30
9934 71
9935 158
9936 101
9937 31
9938 50
9939 27
9940 9
9941 18
9942 9
9943 34
9944 19
9945 10
9946 20
9947 27
9948 14
9949 43
9950 6
9951 3
9952 5
9953 7
9954 5
9955 7
9956 1
9957 4
9958 27
9959 122
9960 2
9961 13
9962 20
9963 10
9964 21
9965 2
9966 35
9967 60
9968 16
9969 14
9970 18
9971 26
9972 23
9973 8
9974 53
9975 16
9976 1
9977 28
9978 9
9979 22
9980 10
9981 94
9982 31
9983 4
9984 2
9985 123
9986 9
9987 17
9988 68
9989 10
9990 29
9991 26
9992 24
9993 19
9994 21
9995 23
9996 27
9997 18
9998 27
9999 15
